// Start Time: Unknown
// Update Rate: 100.0Hz
//Filter Profile: human (46.1)
// Option Flags: AHS Disabled ICC Disabled
// Firmware Version: 4.0.2
PacketCounter	SampleTimeFine	Year	Month	Day	Second	UTC_Nano	UTC_Year	UTC_Month	UTC_Day	UTC_Hour	UTC_Minute	UTC_Second	UTC_Valid	Acc_X	Acc_Y	Acc_Z	Mat[1][1]	Mat[1][2]	Mat[1][3]	Mat[2][1]	Mat[2][2]	Mat[2][3]	Mat[3][1]	Mat[3][2]	Mat[3][3]
1	3343427885													0.038134	0.002781	0.003076	-0.062025	0.100944	0.992957	-0.155501	-0.983701	0.090289	0.985887	-0.148806	0.076711
2	3343444552													0.034949	0.051546	-0.029320	-0.062014	0.101736	0.992877	-0.155717	-0.983596	0.091059	0.985853	-0.148961	0.076839
3	3343461219													0.000936	0.042526	-0.043269	-0.062074	0.102386	0.992806	-0.155884	-0.983511	0.091681	0.985823	-0.149072	0.077010
4	3343477886													-0.000543	0.016400	-0.042402	-0.062245	0.102826	0.992750	-0.155940	-0.983465	0.092087	0.985803	-0.149078	0.077251
5	3343494553													0.023957	0.023935	-0.015534	-0.062365	0.103326	0.992690	-0.156025	-0.983407	0.092558	0.985782	-0.149112	0.077452
6	3343511220													0.024864	0.016514	-0.016863	-0.062431	0.103880	0.992628	-0.156137	-0.983339	0.093087	0.985760	-0.149174	0.077611
7	3343527887													0.008663	-0.006687	-0.010477	-0.062517	0.104420	0.992566	-0.156246	-0.983273	0.093601	0.985738	-0.149233	0.077787
8	3343544554													0.015390	-0.043463	0.011496	-0.062624	0.104903	0.992509	-0.156341	-0.983215	0.094056	0.985716	-0.149280	0.077973
9	3343561221													0.019230	-0.048346	-0.002689	-0.062680	0.105306	0.992462	-0.156435	-0.983163	0.094440	0.985697	-0.149336	0.078098
10	3343577888													0.019666	-0.039679	0.020360	-0.062715	0.105599	0.992429	-0.156546	-0.983119	0.094716	0.985677	-0.149421	0.078188
11	3343594555													0.022671	-0.028066	0.008607	-0.062761	0.105914	0.992393	-0.156695	-0.983067	0.095009	0.985651	-0.149540	0.078295
12	3343611222													0.022928	-0.022700	-0.011446	-0.062749	0.106216	0.992361	-0.156879	-0.983010	0.095295	0.985622	-0.149701	0.078346
13	3343627889													0.006871	-0.036601	-0.028000	-0.062804	0.106470	0.992331	-0.157038	-0.982962	0.095526	0.985594	-0.149834	0.078453
14	3343644556													-0.008704	-0.032929	-0.032548	-0.062783	0.106638	0.992314	-0.157208	-0.982919	0.095682	0.985568	-0.149992	0.078475
15	3343661223													0.019067	-0.003024	-0.016333	-0.062740	0.106809	0.992298	-0.157396	-0.982874	0.095843	0.985541	-0.150170	0.078477
16	3343677890													0.025446	0.020915	-0.001668	-0.062679	0.106990	0.992282	-0.157618	-0.982821	0.096014	0.985509	-0.150383	0.078466
17	3343694557													0.032013	-0.007344	0.008485	-0.062699	0.107151	0.992264	-0.157818	-0.982776	0.096155	0.985476	-0.150568	0.078529
18	3343711224													0.012141	-0.018685	0.003264	-0.062769	0.107264	0.992247	-0.157930	-0.982749	0.096246	0.985453	-0.150664	0.078627
19	3343727891													0.014045	-0.000932	0.019670	-0.062834	0.107349	0.992234	-0.158007	-0.982729	0.096315	0.985437	-0.150728	0.078710
20	3343744558													0.020596	0.001987	0.003952	-0.062842	0.107444	0.992223	-0.158085	-0.982708	0.096401	0.985424	-0.150798	0.078741
21	3343761225													0.012298	0.017234	-0.007376	-0.062892	0.107585	0.992205	-0.158184	-0.982680	0.096526	0.985405	-0.150880	0.078821
22	3343777892													0.013296	0.011011	-0.026635	-0.062900	0.107749	0.992186	-0.158303	-0.982646	0.096678	0.985385	-0.150985	0.078866
23	3343794559													0.019987	0.002165	-0.010553	-0.062902	0.107933	0.992166	-0.158426	-0.982609	0.096849	0.985365	-0.151093	0.078908
24	3343811226													0.013334	0.003729	-0.019320	-0.062896	0.108157	0.992142	-0.158560	-0.982567	0.097062	0.985344	-0.151209	0.078949
25	3343827893													0.034633	-0.003001	-0.008073	-0.062900	0.108369	0.992119	-0.158702	-0.982524	0.097259	0.985321	-0.151334	0.078999
26	3343844560													0.035057	0.002807	-0.003157	-0.062900	0.108584	0.992095	-0.158813	-0.982486	0.097463	0.985303	-0.151427	0.079043
27	3343861227													0.028818	0.012790	0.002150	-0.062899	0.108768	0.992075	-0.158915	-0.982452	0.097638	0.985287	-0.151514	0.079080
28	3343877894													0.023462	0.016028	-0.002743	-0.062943	0.108950	0.992053	-0.159043	-0.982416	0.097800	0.985263	-0.151623	0.079163
29	3343894561													0.048608	0.018783	-0.011222	-0.062957	0.109189	0.992025	-0.159158	-0.982374	0.098026	0.985244	-0.151718	0.079226
30	3343911228													0.024311	0.015532	-0.018709	-0.062996	0.109286	0.992012	-0.159278	-0.982347	0.098107	0.985222	-0.151826	0.079291
31	3343927895													0.032096	0.015796	-0.013979	-0.063009	0.109399	0.991999	-0.159374	-0.982321	0.098209	0.985205	-0.151911	0.079330
32	3343944562													0.044599	0.017724	-0.034803	-0.063029	0.109500	0.991986	-0.159454	-0.982299	0.098299	0.985191	-0.151981	0.079374
33	3343961229													0.030097	0.014166	-0.016468	-0.063014	0.109568	0.991980	-0.159512	-0.982283	0.098365	0.985183	-0.152034	0.079375
34	3343977896													0.045373	0.010189	-0.014753	-0.062958	0.109729	0.991966	-0.159552	-0.982260	0.098529	0.985180	-0.152066	0.079348
35	3343994563													0.033726	0.018704	-0.004266	-0.062900	0.109902	0.991950	-0.159573	-0.982239	0.098707	0.985180	-0.152080	0.079320
36	3344011230													0.018780	0.003389	-0.017779	-0.062849	0.109974	0.991945	-0.159519	-0.982239	0.098790	0.985192	-0.152025	0.079276
37	3344027897													0.027813	-0.001793	-0.014997	-0.062691	0.109915	0.991962	-0.159406	-0.982260	0.098766	0.985221	-0.151932	0.079100
38	3344044564													0.023089	0.014692	-0.011633	-0.062499	0.109745	0.991993	-0.159254	-0.982298	0.098638	0.985257	-0.151815	0.078870
39	3344061231													0.022951	0.022151	-0.023084	-0.062188	0.109514	0.992038	-0.159052	-0.982347	0.098474	0.985310	-0.151662	0.078508
40	3344077898													0.031090	0.011542	-0.011765	-0.061820	0.109212	0.992094	-0.158806	-0.982409	0.098251	0.985372	-0.151477	0.078076
41	3344094565													0.033396	0.022641	-0.000494	-0.061437	0.108953	0.992147	-0.158542	-0.982469	0.098073	0.985439	-0.151272	0.077633
42	3344111232													0.029869	0.003610	0.014180	-0.061003	0.108693	0.992202	-0.158209	-0.982540	0.097908	0.985519	-0.151003	0.077134
43	3344127899													0.005194	0.025571	0.011584	-0.060504	0.108195	0.992287	-0.157817	-0.982641	0.097521	0.985613	-0.150699	0.076528
44	3344144566													0.001324	0.026359	-0.015354	-0.060067	0.107545	0.992384	-0.157418	-0.982759	0.096974	0.985704	-0.150395	0.075961
45	3344161233													0.003017	-0.010621	-0.029382	-0.059707	0.106802	0.992486	-0.157047	-0.982883	0.096321	0.985785	-0.150116	0.075458
46	3344177900													0.025550	-0.024828	-0.039959	-0.059493	0.105916	0.992594	-0.156677	-0.983022	0.095504	0.985856	-0.149835	0.075078
47	3344194567													0.011624	-0.009744	-0.014965	-0.059291	0.105065	0.992696	-0.156355	-0.983149	0.094715	0.985920	-0.149597	0.074719
48	3344211234													0.007040	0.025008	0.001964	-0.059101	0.104130	0.992806	-0.156117	-0.983271	0.093836	0.985969	-0.149448	0.074368
49	3344227901													0.036945	0.037192	-0.010367	-0.058910	0.103403	0.992893	-0.156070	-0.983344	0.093149	0.985988	-0.149474	0.074067
50	3344244568													0.044548	0.008567	0.003560	-0.058917	0.102855	0.992950	-0.156036	-0.983401	0.092607	0.985993	-0.149479	0.073988
51	3344261235													-0.003310	0.018093	0.028282	-0.058996	0.102308	0.993002	-0.155956	-0.983465	0.092060	0.986001	-0.149434	0.073976
52	3344277902													0.000903	0.034510	0.005368	-0.059055	0.101627	0.993068	-0.155840	-0.983546	0.091385	0.986015	-0.149363	0.073920
53	3344294569													0.009862	0.054281	0.003211	-0.059018	0.101134	0.993121	-0.155736	-0.983606	0.090910	0.986034	-0.149299	0.073801
54	3344311236													-0.008723	0.063757	-0.029222	-0.058987	0.100514	0.993185	-0.155643	-0.983677	0.090308	0.986051	-0.149255	0.073669
55	3344327903													-0.029319	0.032155	-0.063075	-0.059037	0.099763	0.993258	-0.155400	-0.983782	0.089575	0.986086	-0.149064	0.073583
56	3344344570													-0.037051	0.029677	-0.020412	-0.059101	0.098846	0.993346	-0.155046	-0.983919	0.088683	0.986138	-0.148773	0.073476
57	3344361237													0.000715	0.063262	-0.004569	-0.058933	0.098141	0.993426	-0.154679	-0.984034	0.088037	0.986206	-0.148474	0.073172
58	3344377904													0.006219	0.044148	-0.011868	-0.058769	0.097531	0.993496	-0.154352	-0.984135	0.087482	0.986267	-0.148207	0.072890
59	3344394571													0.001379	0.021198	-0.031745	-0.058664	0.096951	0.993559	-0.154029	-0.984233	0.086946	0.986323	-0.147936	0.072672
60	3344411238													0.006668	-0.013235	-0.011500	-0.058490	0.096383	0.993624	-0.153699	-0.984330	0.086434	0.986385	-0.147663	0.072388
61	3344427905													0.011010	-0.008041	0.020698	-0.058294	0.095758	0.993696	-0.153393	-0.984428	0.085866	0.986444	-0.147421	0.072075
62	3344444572													-0.003312	-0.011160	0.038630	-0.058193	0.094978	0.993777	-0.153086	-0.984539	0.085131	0.986498	-0.147179	0.071833
63	3344461239													-0.010465	-0.007078	-0.010157	-0.058106	0.094183	0.993858	-0.152810	-0.984647	0.084376	0.986546	-0.146969	0.071606
64	3344477906													0.004022	-0.012725	-0.028790	-0.057957	0.093462	0.993935	-0.152498	-0.984753	0.083706	0.986603	-0.146721	0.071326
65	3344494573													-0.040993	-0.020107	-0.038014	-0.057846	0.092764	0.994006	-0.152204	-0.984853	0.083052	0.986655	-0.146488	0.071089
66	3344511240													-0.007994	0.004815	-0.041793	-0.057701	0.092166	0.994070	-0.151947	-0.984940	0.082500	0.986703	-0.146286	0.070836
67	3344527907													0.021807	-0.007403	-0.045469	-0.057549	0.091802	0.994113	-0.151723	-0.985001	0.082177	0.986746	-0.146101	0.070614
68	3344544574													-0.013042	-0.013079	-0.032817	-0.057421	0.091452	0.994153	-0.151578	-0.985050	0.081859	0.986776	-0.145991	0.070425
69	3344561241													0.007389	-0.018205	0.001783	-0.057297	0.091054	0.994196	-0.151446	-0.985101	0.081493	0.986804	-0.145897	0.070233
70	3344577908													-0.009514	-0.008714	0.010658	-0.057258	0.090705	0.994230	-0.151350	-0.985143	0.081160	0.986820	-0.145830	0.070136
71	3344594575													-0.006428	-0.012717	0.001321	-0.057259	0.090370	0.994261	-0.151248	-0.985185	0.080835	0.986836	-0.145752	0.070079
72	3344611242													-0.007752	-0.004122	-0.025101	-0.057286	0.090095	0.994284	-0.151180	-0.985218	0.080563	0.986845	-0.145701	0.070059
73	3344627909													-0.011765	-0.009784	-0.030698	-0.057276	0.089855	0.994307	-0.151095	-0.985250	0.080333	0.986858	-0.145634	0.070008
74	3344644576													-0.014882	-0.013092	-0.013686	-0.057172	0.089754	0.994322	-0.151071	-0.985260	0.080250	0.986868	-0.145625	0.069888
75	3344661243													0.002721	0.003926	-0.015780	-0.057072	0.089769	0.994326	-0.151054	-0.985260	0.080280	0.986877	-0.145615	0.069791
76	3344677910													-0.031052	0.016439	-0.012074	-0.057009	0.089897	0.994318	-0.151047	-0.985250	0.080417	0.986881	-0.145605	0.069747
77	3344694577													-0.026287	0.008575	-0.019297	-0.056989	0.090091	0.994302	-0.151046	-0.985234	0.080613	0.986883	-0.145591	0.069755
78	3344711244													-0.020396	0.025350	-0.015321	-0.056947	0.090372	0.994279	-0.151084	-0.985205	0.080894	0.986879	-0.145613	0.069759
79	3344727911													-0.011088	0.019437	-0.014349	-0.056924	0.090813	0.994240	-0.151158	-0.985158	0.081329	0.986869	-0.145658	0.069806
80	3344744578													-0.041217	0.026199	-0.022964	-0.056904	0.091275	0.994199	-0.151242	-0.985108	0.081784	0.986857	-0.145711	0.069861
81	3344761245													-0.034740	0.042027	-0.028827	-0.056904	0.091804	0.994150	-0.151311	-0.985054	0.082303	0.986847	-0.145743	0.069944
82	3344777912													-0.035514	0.033734	-0.007440	-0.056886	0.092434	0.994092	-0.151373	-0.984992	0.082926	0.986839	-0.145761	0.070024
83	3344794579													-0.029342	0.016189	-0.012248	-0.056875	0.093097	0.994031	-0.151446	-0.984926	0.083578	0.986828	-0.145789	0.070117
84	3344811246													-0.014565	0.019138	-0.009267	-0.056852	0.093901	0.993957	-0.151528	-0.984845	0.084373	0.986817	-0.145816	0.070219
85	3344827913													-0.021489	0.012904	-0.006922	-0.056821	0.094843	0.993869	-0.151629	-0.984750	0.085304	0.986803	-0.145852	0.070335
86	3344844580													-0.032396	0.019469	-0.019556	-0.056803	0.095931	0.993766	-0.151734	-0.984640	0.086377	0.986788	-0.145882	0.070487
87	3344861247													-0.035707	0.023942	-0.006160	-0.056801	0.097089	0.993654	-0.151847	-0.984522	0.087517	0.986771	-0.145912	0.070665
88	3344877914													-0.028196	0.043431	-0.015857	-0.056819	0.098182	0.993545	-0.151943	-0.984411	0.088590	0.986755	-0.145928	0.070852
89	3344894581													-0.041643	0.034695	-0.009858	-0.056847	0.099268	0.993436	-0.151991	-0.984307	0.089658	0.986746	-0.145897	0.071043
90	3344911248													-0.050142	0.014428	-0.012155	-0.056885	0.100217	0.993338	-0.152012	-0.984218	0.090591	0.986740	-0.145846	0.071221
91	3344927915													-0.029485	-0.005639	0.001760	-0.056852	0.101033	0.993257	-0.152009	-0.984144	0.091405	0.986743	-0.145787	0.071308
92	3344944582													-0.017691	-0.013142	0.019446	-0.056831	0.101677	0.993193	-0.151998	-0.984085	0.092047	0.986746	-0.145732	0.071381
93	3344961249													-0.011068	-0.028651	0.052202	-0.056916	0.102254	0.993129	-0.151950	-0.984040	0.092610	0.986748	-0.145635	0.071545
94	3344977916													-0.028654	-0.018380	0.054961	-0.057116	0.102740	0.993067	-0.151909	-0.984003	0.093065	0.986743	-0.145540	0.071810
95	3344994583													-0.020366	0.006070	0.011406	-0.057417	0.103004	0.993022	-0.151897	-0.983984	0.093284	0.986727	-0.145481	0.072144
96	3345011250													-0.040406	-0.003291	-0.007918	-0.057642	0.103238	0.992985	-0.151920	-0.983962	0.093481	0.986710	-0.145466	0.072402
97	3345027917													-0.064690	0.015660	0.022848	-0.057890	0.103271	0.992967	-0.151900	-0.983965	0.093479	0.986699	-0.145420	0.072649
98	3345044584													-0.020178	-0.021692	0.014484	-0.058082	0.102951	0.992989	-0.151781	-0.984016	0.093142	0.986706	-0.145307	0.072780
99	3345061251													0.024759	-0.009645	0.002477	-0.058380	0.102469	0.993022	-0.151596	-0.984092	0.092636	0.986717	-0.145130	0.072985
100	3345077918													0.006277	0.016825	0.006004	-0.058731	0.101938	0.993056	-0.151379	-0.984178	0.092074	0.986729	-0.144920	0.073233
101	3345094585													-0.012408	0.037357	-0.021593	-0.059017	0.101428	0.993091	-0.151334	-0.984236	0.091531	0.986719	-0.144887	0.073436
102	3345111252													0.035995	0.017374	-0.007441	-0.059378	0.100870	0.993126	-0.151294	-0.984298	0.090928	0.986704	-0.144855	0.073707
103	3345127919													-0.033461	-0.005298	0.027041	-0.059825	0.100235	0.993164	-0.151177	-0.984379	0.090242	0.986695	-0.144745	0.074044
104	3345144586													-0.041600	-0.000151	-0.008504	-0.060344	0.099312	0.993225	-0.150994	-0.984496	0.089266	0.986691	-0.144585	0.074404
105	3345161253													0.039711	-0.005175	0.002789	-0.060904	0.098538	0.993268	-0.150784	-0.984603	0.088433	0.986689	-0.144383	0.074824
106	3345177920													-0.016149	0.039883	-0.040384	-0.061396	0.098163	0.993275	-0.150674	-0.984659	0.087998	0.986675	-0.144258	0.075245
107	3345194587													-0.020143	0.020723	-0.048834	-0.061773	0.097703	0.993297	-0.150554	-0.984722	0.087497	0.986670	-0.144140	0.075539
108	3345211254													-0.020799	-0.003669	-0.069189	-0.062132	0.097245	0.993319	-0.150336	-0.984799	0.087008	0.986681	-0.143925	0.075807
109	3345227921													-0.002287	-0.012242	-0.040604	-0.062479	0.096929	0.993328	-0.150095	-0.984866	0.086662	0.986695	-0.143679	0.076082
110	3345244588													-0.003011	0.006538	-0.026049	-0.062726	0.096823	0.993323	-0.149857	-0.984913	0.086541	0.986716	-0.143428	0.076289
111	3345261255													-0.022199	0.015606	-0.029807	-0.062879	0.096731	0.993322	-0.149609	-0.984959	0.086446	0.986744	-0.143174	0.076405
112	3345277922													0.010058	-0.008860	-0.034004	-0.062998	0.096679	0.993320	-0.149323	-0.985007	0.086399	0.986780	-0.142883	0.076490
113	3345294589													-0.004908	-0.020669	-0.027683	-0.063137	0.096617	0.993317	-0.149020	-0.985057	0.086342	0.986817	-0.142572	0.076592
114	3345311256													-0.026085	-0.031471	0.008449	-0.063362	0.096540	0.993310	-0.148777	-0.985102	0.086251	0.986839	-0.142316	0.076781
115	3345327923													-0.023934	-0.048645	0.031983	-0.063772	0.096363	0.993301	-0.148528	-0.985158	0.086038	0.986850	-0.142046	0.077139
116	3345344590													-0.093229	-0.075301	0.090720	-0.064376	0.096217	0.993276	-0.148382	-0.985200	0.085818	0.986833	-0.141860	0.077700
117	3345361257													-0.128507	-0.125438	0.125430	-0.065427	0.095925	0.993236	-0.148170	-0.985268	0.085395	0.986795	-0.141581	0.078677
118	3345377924													-0.162125	-0.149943	0.197370	-0.067125	0.095453	0.993168	-0.147957	-0.985360	0.084702	0.986713	-0.141260	0.080265
119	3345394591													-0.207042	-0.133095	0.310403	-0.069610	0.095030	0.993038	-0.147796	-0.985449	0.083943	0.986565	-0.140924	0.082642
120	3345411258													-0.266099	-0.058011	0.396953	-0.072765	0.094944	0.992820	-0.147614	-0.985520	0.083427	0.986365	-0.140483	0.085726
121	3345427925													-0.355843	0.022748	0.469786	-0.076643	0.095282	0.992495	-0.147419	-0.985566	0.083232	0.986100	-0.139934	0.089583
122	3345444592													-0.386373	0.033029	0.426418	-0.081212	0.095850	0.992077	-0.147233	-0.985599	0.083172	0.985762	-0.139312	0.094155
123	3345461259													-0.448672	0.039645	0.456007	-0.086695	0.097076	0.991494	-0.147022	-0.985590	0.083642	0.985327	-0.138520	0.099718
124	3345477926													-0.584156	-0.000785	0.489491	-0.093262	0.098929	0.990715	-0.146890	-0.985530	0.084583	0.984746	-0.137638	0.106445
125	3345494593													-0.684703	-0.038100	0.489599	-0.101059	0.101146	0.989725	-0.146800	-0.985445	0.085719	0.983990	-0.136629	0.114436
126	3345511260													-0.691757	-0.028817	0.288297	-0.109007	0.103701	0.988617	-0.146914	-0.985302	0.087154	0.983124	-0.135742	0.122640
127	3345527927													-0.802334	-0.064028	0.269678	-0.117289	0.106273	0.987395	-0.146674	-0.985208	0.088615	0.982207	-0.134431	0.131142
128	3345544594													-0.856766	-0.188664	0.185600	-0.126611	0.107883	0.986068	-0.145951	-0.985275	0.089057	0.981156	-0.132643	0.140492
129	3345561261													-0.852078	-0.083524	0.054289	-0.136759	0.108988	0.984591	-0.145079	-0.985416	0.088928	0.979923	-0.130681	0.150576
130	3345577928													-0.797649	0.073611	0.135135	-0.148874	0.108928	0.982838	-0.143298	-0.985800	0.087550	0.978418	-0.127805	0.162369
131	3345594595													-0.890313	-0.226489	0.163474	-0.162963	0.107869	0.980718	-0.140989	-0.986350	0.085060	0.976507	-0.124408	0.175947
132	3345611262													-0.975633	-0.134715	-0.019812	-0.179921	0.104809	0.978081	-0.137320	-0.987248	0.080531	0.974049	-0.119821	0.192019
133	3345627929													-1.074053	-0.376842	0.151835	-0.199064	0.099135	0.974959	-0.132156	-0.988498	0.073529	0.971035	-0.114210	0.209876
134	3345644596													-1.290498	-0.437172	0.297626	-0.221044	0.090420	0.971063	-0.125456	-0.990057	0.063631	0.967161	-0.107761	0.230190
135	3345661263													-1.074706	-0.423132	-0.453300	-0.244512	0.078662	0.966450	-0.117587	-0.991754	0.050972	0.962490	-0.101179	0.251745
136	3345677930													-1.268696	-0.565395	-1.178896	-0.268398	0.064303	0.961160	-0.109362	-0.993353	0.035919	0.957080	-0.095473	0.273646
137	3345694597													-0.864725	-0.473032	-2.139283	-0.291888	0.048870	0.955203	-0.102235	-0.994566	0.019643	0.950973	-0.091922	0.295299
138	3345711264													-0.417146	-0.001655	-2.870996	-0.315562	0.035002	0.948259	-0.098235	-0.995155	0.004042	0.943806	-0.091877	0.317472
139	3345727931													-0.040289	1.110433	-3.333523	-0.339992	0.025654	0.940078	-0.097292	-0.995224	-0.008028	0.935382	-0.094191	0.340864
140	3345744598													-0.343955	1.382041	-3.191195	-0.365568	0.019551	0.930579	-0.097272	-0.995107	-0.017306	0.925688	-0.096846	0.365681
141	3345761265													-0.040407	0.808524	-3.057967	-0.392993	0.014370	0.919429	-0.094966	-0.995166	-0.025038	0.914625	-0.097154	0.392458
142	3345777932													-0.431085	-0.241511	-3.303379	-0.421559	0.009731	0.906749	-0.091433	-0.995302	-0.031828	0.902180	-0.096324	0.420468
143	3345794599													-0.538507	-0.809333	-3.388897	-0.450178	0.004877	0.892926	-0.086966	-0.995471	-0.038408	0.888694	-0.094945	0.448563
144	3345811266													-0.486457	-0.888990	-3.424344	-0.478754	-0.001081	0.877948	-0.080969	-0.995683	-0.045379	0.874207	-0.092812	0.476600
145	3345827933													-0.467771	-0.483599	-3.665912	-0.506971	-0.007516	0.861930	-0.074826	-0.995803	-0.052695	0.858709	-0.091210	0.504281
146	3345844600													0.237736	-0.104712	-3.339254	-0.533661	-0.015264	0.845561	-0.068398	-0.995783	-0.061144	0.842928	-0.090465	0.530367
147	3345861267													0.827242	-0.028667	-2.980845	-0.558591	-0.022000	0.829152	-0.061963	-0.995748	-0.068164	0.827126	-0.089453	0.554852
148	3345877934													0.801871	-0.065882	-3.047112	-0.581882	-0.028976	0.812757	-0.054725	-0.995705	-0.074678	0.811430	-0.087932	0.577797
149	3345894601													1.011581	-0.023865	-2.705042	-0.603663	-0.035954	0.796429	-0.047047	-0.995635	-0.080607	0.795851	-0.086129	0.599336
150	3345911268													0.927261	-0.214546	-2.266347	-0.624120	-0.043277	0.780129	-0.038399	-0.995559	-0.085948	0.780384	-0.083599	0.619686
151	3345927935													0.903615	-0.004577	-1.578606	-0.642728	-0.050510	0.764428	-0.029857	-0.995415	-0.090875	0.765513	-0.081231	0.638272
152	3345944602													1.060971	0.171672	-0.723464	-0.658531	-0.055306	0.750518	-0.023677	-0.995280	-0.094117	0.752181	-0.079750	0.654113
153	3345961269													1.306530	0.284809	0.055712	-0.672614	-0.056855	0.737806	-0.020262	-0.995255	-0.095165	0.739716	-0.078959	0.668271
154	3345977936													1.282121	0.643692	1.080709	-0.685703	-0.056435	0.725690	-0.018771	-0.995287	-0.095137	0.727639	-0.078858	0.681412
155	3345994603													1.424607	0.290249	1.458039	-0.697446	-0.054538	0.714559	-0.018704	-0.995375	-0.094226	0.716393	-0.079083	0.693200
156	3346011270													1.274053	-0.219248	2.158087	-0.707755	-0.053510	0.704429	-0.016934	-0.995556	-0.092638	0.706255	-0.077494	0.703703
157	3346027937													1.187980	-0.711909	2.829689	-0.716997	-0.055044	0.694900	-0.012658	-0.995685	-0.091929	0.696961	-0.074709	0.713207
158	3346044604													1.358337	-0.510673	3.489459	-0.724394	-0.057967	0.686944	-0.007693	-0.995717	-0.092135	0.689343	-0.072027	0.720846
159	3346061271													1.003425	-0.060390	3.944055	-0.730198	-0.060598	0.680543	-0.003735	-0.995690	-0.092667	0.683225	-0.070207	0.726825
160	3346077938													1.220283	0.563287	4.791368	-0.734639	-0.061806	0.675637	-0.001170	-0.995725	-0.092359	0.678457	-0.068641	0.731426
161	3346094605													1.054911	0.502926	5.233604	-0.737066	-0.061624	0.673006	-0.000038	-0.995830	-0.091225	0.675821	-0.067264	0.733990
162	3346111272													1.239861	0.126954	5.388802	-0.737817	-0.061972	0.672150	0.001234	-0.995899	-0.090468	0.674999	-0.065919	0.734868
163	3346127939													1.349196	0.224645	6.065895	-0.736886	-0.062606	0.673111	0.002536	-0.995951	-0.089857	0.676012	-0.064507	0.734062
164	3346144606													1.364784	0.239978	6.350317	-0.734418	-0.063867	0.675686	0.004002	-0.995953	-0.089790	0.678686	-0.063239	0.731701
165	3346161273													1.373922	0.328897	6.301846	-0.730738	-0.065176	0.679539	0.004855	-0.995903	-0.090299	0.682640	-0.062686	0.728061
166	3346177940													1.377434	0.386271	6.308693	-0.726084	-0.066033	0.684428	0.004969	-0.995856	-0.090808	0.687588	-0.062533	0.723404
167	3346194607													1.223391	0.238096	6.138783	-0.720283	-0.066486	0.690487	0.004150	-0.995791	-0.091554	0.693668	-0.063079	0.717528
168	3346211274													1.241552	0.165622	6.002375	-0.713427	-0.067200	0.697500	0.003138	-0.995687	-0.092719	0.700722	-0.063960	0.710562
169	3346227941													1.233593	0.054906	5.416286	-0.704881	-0.068109	0.706048	0.001832	-0.995551	-0.094206	0.709323	-0.065110	0.701870
170	3346244608													1.241211	0.067388	4.671887	-0.694739	-0.069429	0.715903	0.000741	-0.995399	-0.095816	0.719262	-0.066037	0.691593
171	3346261275													1.314702	0.149416	4.000168	-0.682679	-0.070107	0.727347	-0.001025	-0.995294	-0.096896	0.730717	-0.066894	0.679395
172	3346277942													1.357927	0.133242	2.976928	-0.668581	-0.070014	0.740336	-0.003776	-0.995226	-0.097528	0.743630	-0.068001	0.665124
173	3346294609													1.509122	0.187972	2.088458	-0.652660	-0.068955	0.754507	-0.007645	-0.995200	-0.097565	0.757613	-0.069445	0.649000
174	3346311276													1.528356	0.081231	1.113200	-0.636144	-0.068204	0.768550	-0.011494	-0.995137	-0.097827	0.771485	-0.071066	0.632266
175	3346327943													1.430640	0.047620	0.079843	-0.618728	-0.068213	0.782638	-0.015079	-0.995009	-0.098644	0.785461	-0.072835	0.614611
176	3346344610													1.339871	0.030668	-0.831841	-0.600887	-0.069105	0.796341	-0.018797	-0.994759	-0.100507	0.799113	-0.075362	0.596439
177	3346361277													1.180845	-0.140740	-2.118649	-0.581701	-0.070328	0.810356	-0.023281	-0.994408	-0.103013	0.813069	-0.078788	0.576811
178	3346377944													0.657107	0.091871	-3.103077	-0.561107	-0.071575	0.824643	-0.028013	-0.994042	-0.105339	0.827269	-0.082207	0.555758
179	3346394611													0.675866	0.101663	-3.784210	-0.538901	-0.073125	0.839189	-0.032757	-0.993652	-0.107620	0.841732	-0.085486	0.533084
180	3346411278													0.499080	0.289916	-4.310518	-0.514813	-0.075325	0.853987	-0.037592	-0.993191	-0.110265	0.856478	-0.088869	0.508476
181	3346427945													0.340768	0.478839	-4.769065	-0.489686	-0.078746	0.868335	-0.041607	-0.992668	-0.113485	0.870905	-0.091701	0.482820
182	3346444612													0.083067	0.525796	-5.053108	-0.464220	-0.082155	0.881901	-0.045814	-0.992129	-0.116539	0.884534	-0.094503	0.456802
183	3346461279													-0.031816	0.417440	-5.238995	-0.438326	-0.085427	0.894747	-0.050084	-0.991605	-0.119210	0.897419	-0.097065	0.430368
184	3346477946													-0.401141	0.333324	-5.306928	-0.412347	-0.088200	0.906747	-0.054538	-0.991128	-0.121209	0.909393	-0.099433	0.403879
185	3346494613													-0.496385	0.354389	-5.179090	-0.386650	-0.090580	0.917767	-0.059087	-0.990687	-0.122670	0.920332	-0.101659	0.377697
186	3346511280													-0.700761	0.340302	-4.570131	-0.362166	-0.092165	0.927546	-0.063810	-0.990314	-0.123317	0.929927	-0.103848	0.352777
187	3346527947													-0.868528	0.409688	-4.122457	-0.338905	-0.092261	0.936286	-0.069214	-0.990038	-0.122611	0.938271	-0.106357	0.329143
188	3346544614													-1.195463	0.457747	-3.465491	-0.317147	-0.090870	0.944013	-0.074841	-0.989897	-0.120430	0.945419	-0.108845	0.307142
189	3346561281													-1.412813	0.319867	-2.343940	-0.297351	-0.089610	0.950554	-0.079794	-0.989771	-0.118268	0.951428	-0.111015	0.287159
190	3346577948													-1.455358	0.191704	-1.639954	-0.278588	-0.088111	0.956360	-0.084336	-0.989692	-0.115749	0.956701	-0.112902	0.268285
191	3346594615													-1.408772	0.135420	-0.651067	-0.260985	-0.086248	0.961482	-0.088760	-0.989638	-0.112867	0.961254	-0.114798	0.250625
192	3346611282													-1.291056	0.270716	0.229692	-0.244885	-0.083901	0.965915	-0.093225	-0.989595	-0.109593	0.965060	-0.116885	0.234515
193	3346627949													-1.005184	0.026990	0.628044	-0.229579	-0.080988	0.969915	-0.097329	-0.989626	-0.105672	0.968411	-0.118661	0.219315
194	3346644616													-1.105608	0.400836	0.973476	-0.215428	-0.077857	0.973411	-0.100463	-0.989760	-0.101399	0.971338	-0.119636	0.205401
195	3346661283													-0.958391	0.441695	0.855103	-0.201771	-0.073830	0.976646	-0.103493	-0.989965	-0.096218	0.973950	-0.120490	0.192106
196	3346677950													-0.786266	0.247812	1.109348	-0.189973	-0.069814	0.979304	-0.105241	-0.990273	-0.091011	0.976133	-0.120352	0.180778
197	3346694617													-1.040911	0.177757	0.707774	-0.179968	-0.065307	0.981502	-0.106745	-0.990605	-0.085486	0.977864	-0.120155	0.171305
198	3346711284													-1.148231	0.008336	0.546904	-0.171829	-0.060842	0.983246	-0.108448	-0.990857	-0.080265	0.979139	-0.120422	0.163660
199	3346727951													-1.215337	-0.163076	0.335825	-0.165396	-0.056466	0.984609	-0.110162	-0.991054	-0.075341	0.980055	-0.120928	0.157696
200	3346744618													-1.385207	-0.147106	0.260326	-0.160881	-0.052679	0.985567	-0.111577	-0.991202	-0.071194	0.980647	-0.121420	0.153587
201	3346761285													-1.270114	0.057801	0.347479	-0.157497	-0.049067	0.986300	-0.112659	-0.991351	-0.067308	0.981072	-0.121716	0.150607
202	3346777952													-1.179420	0.233613	0.221127	-0.155141	-0.045348	0.986851	-0.113618	-0.991498	-0.063424	0.981337	-0.121964	0.148670
203	3346794619													-1.089505	0.193587	0.025277	-0.153650	-0.041652	0.987247	-0.114465	-0.991635	-0.059652	0.981473	-0.122171	0.147597
204	3346811286													-1.094935	0.228480	-0.012453	-0.152768	-0.037502	0.987550	-0.115226	-0.991788	-0.055488	0.981522	-0.122268	0.147193
205	3346827953													-1.018821	0.252693	0.125370	-0.152495	-0.033277	0.987744	-0.115717	-0.991957	-0.051284	0.981506	-0.122120	0.147417
206	3346844620													-0.959365	0.278457	0.266765	-0.153295	-0.029120	0.987751	-0.115574	-0.992177	-0.047187	0.981399	-0.121392	0.148730
207	3346861287													-0.938158	0.222051	0.406230	-0.155526	-0.025272	0.987509	-0.114768	-0.992441	-0.043473	0.981142	-0.120096	0.151450
208	3346877954													-0.942841	0.270142	0.589435	-0.160097	-0.022507	0.986845	-0.113376	-0.992704	-0.041034	0.980569	-0.118454	0.156378
209	3346894621													-0.984942	0.135258	0.510000	-0.165544	-0.018952	0.986020	-0.111771	-0.993013	-0.037851	0.979848	-0.116474	0.162269
210	3346911288													-1.079167	-0.006625	0.633367	-0.173314	-0.016098	0.984735	-0.109632	-0.993337	-0.035534	0.978746	-0.114117	0.170395
211	3346927955													-1.158600	-0.120465	0.597800	-0.183138	-0.013353	0.982996	-0.107094	-0.993686	-0.033451	0.977237	-0.111399	0.180552
212	3346944622													-1.232169	-0.135490	0.643748	-0.195650	-0.010932	0.980613	-0.103962	-0.994072	-0.031824	0.975148	-0.108173	0.193353
213	3346961289													-1.355288	-0.165650	0.550638	-0.210688	-0.007625	0.977524	-0.101223	-0.994424	-0.029573	0.972299	-0.105179	0.208741
214	3346977956													-1.331873	-0.200427	0.372881	-0.229835	-0.003468	0.973224	-0.098369	-0.994790	-0.026776	0.968246	-0.101889	0.228296
215	3346994623													-1.211743	-0.319127	-0.010913	-0.253565	0.000829	0.967318	-0.095714	-0.995114	-0.024237	0.962571	-0.098732	0.252406
216	3347011290													-1.152423	-0.587503	-1.094207	-0.280962	0.004838	0.959707	-0.093041	-0.995414	-0.022221	0.955198	-0.095535	0.280124
217	3347027957													-0.812459	-0.789938	-2.276275	-0.311188	0.007587	0.950318	-0.089637	-0.995745	-0.021403	0.946111	-0.091844	0.310544
218	3347044624													-0.824041	-1.189545	-3.640440	-0.343379	0.006286	0.939176	-0.084551	-0.996124	-0.024246	0.935383	-0.087734	0.342579
219	3347061291													-0.438554	-1.284235	-4.803956	-0.376539	-0.001638	0.926399	-0.076569	-0.996522	-0.032884	0.923231	-0.083315	0.375104
220	3347077958													-0.144597	-0.301925	-5.103911	-0.409142	-0.010425	0.912411	-0.067807	-0.996823	-0.041796	0.909948	-0.078968	0.407136
221	3347094625													-0.082257	0.227991	-5.153358	-0.440558	-0.020841	0.897482	-0.058530	-0.996937	-0.051881	0.895814	-0.075386	0.437989
222	3347111292													-0.306093	0.573633	-4.713952	-0.471708	-0.033191	0.881130	-0.047920	-0.996850	-0.063204	0.880452	-0.072037	0.468631
223	3347127959													-0.109718	0.030532	-4.503211	-0.501934	-0.044600	0.863755	-0.038887	-0.996496	-0.074052	0.864031	-0.070758	0.498441
224	3347144626													-0.373198	0.403450	-4.167323	-0.530854	-0.051443	0.845901	-0.034199	-0.996042	-0.082036	0.846773	-0.072478	0.526993
225	3347161293													0.341778	0.347825	-2.872659	-0.558203	-0.054052	0.827942	-0.031726	-0.995755	-0.086398	0.829097	-0.074495	0.554119
226	3347177960													1.039803	-0.320271	-2.546089	-0.584140	-0.055044	0.809785	-0.028077	-0.995730	-0.087937	0.811167	-0.074104	0.580100
227	3347194627													1.166708	-0.753033	-3.165890	-0.608921	-0.056687	0.791202	-0.023551	-0.995712	-0.089464	0.792881	-0.073110	0.604975
228	3347211294													0.930239	-0.520321	-2.591931	-0.631880	-0.058841	0.772830	-0.019435	-0.995598	-0.091692	0.774823	-0.072959	0.627954
229	3347227961													1.351514	-0.041793	-1.454939	-0.653142	-0.061233	0.754756	-0.015935	-0.995393	-0.094545	0.757068	-0.073779	0.649157
230	3347244628													1.657876	0.441547	-1.112640	-0.672734	-0.064099	0.737103	-0.012662	-0.995097	-0.098091	0.739776	-0.075322	0.668624
231	3347261295													1.471128	0.637837	-0.767022	-0.691033	-0.065075	0.719888	-0.011638	-0.994808	-0.101099	0.722729	-0.078241	0.686688
232	3347277962													1.164141	0.303035	-0.070106	-0.707963	-0.063773	0.703365	-0.012090	-0.994674	-0.102355	0.706147	-0.080967	0.703421
233	3347294629													1.125637	-0.318990	0.675010	-0.723478	-0.062345	0.687526	-0.010793	-0.994771	-0.101563	0.690263	-0.080899	0.719022
234	3347311296													1.266769	-0.630800	1.319165	-0.737260	-0.061511	0.672803	-0.008522	-0.994921	-0.100300	0.675555	-0.079681	0.732991
235	3347327963													1.364982	-0.497968	1.705647	-0.749060	-0.061056	0.659683	-0.006251	-0.995049	-0.099193	0.662473	-0.078426	0.744969
236	3347344630													1.397122	-0.074716	2.416902	-0.759204	-0.061493	0.647941	-0.004075	-0.995058	-0.099212	0.650840	-0.077962	0.755201
237	3347361297													1.535529	0.123355	2.600533	-0.767961	-0.061416	0.637546	-0.002524	-0.995094	-0.098899	0.640492	-0.077559	0.764038
238	3347377964													1.592347	0.375899	3.291365	-0.775353	-0.060022	0.628670	-0.002160	-0.995215	-0.097682	0.631525	-0.077096	0.771513
239	3347394631													1.081610	0.084570	3.858445	-0.781410	-0.058636	0.621257	-0.001843	-0.995354	-0.096262	0.624015	-0.076365	0.777672
240	3347411298													1.110497	-0.178768	4.648049	-0.785781	-0.057497	0.615826	-0.001122	-0.995536	-0.094381	0.618503	-0.074854	0.782209
241	3347427965													1.000350	-0.025787	5.068747	-0.788807	-0.057696	0.611926	-0.000298	-0.995548	-0.094251	0.614640	-0.074528	0.785279
242	3347444632													0.926473	0.230441	5.501777	-0.790151	-0.058829	0.610083	0.000703	-0.995469	-0.095080	0.612912	-0.074698	0.786612
243	3347461299													0.997211	0.270345	5.953904	-0.789829	-0.060556	0.610330	0.001808	-0.995340	-0.096415	0.613324	-0.075048	0.786258
244	3347477966													1.158366	0.203888	6.346548	-0.787865	-0.062696	0.612648	0.002997	-0.995183	-0.097989	0.615841	-0.075366	0.784258
245	3347494633													1.268191	0.202276	6.520229	-0.784191	-0.065041	0.617101	0.004096	-0.995012	-0.099666	0.620506	-0.075630	0.780546
246	3347511300													1.234610	0.097845	6.547529	-0.779030	-0.067789	0.623312	0.005368	-0.994823	-0.101485	0.626964	-0.075714	0.775360
247	3347527967													1.006104	-0.047669	6.532948	-0.772426	-0.070832	0.631143	0.006710	-0.994616	-0.103413	0.635070	-0.075643	0.768742
248	3347544634													0.947390	0.212480	6.655266	-0.764376	-0.073860	0.640527	0.007935	-0.994420	-0.105198	0.644722	-0.075328	0.760696
249	3347561301													0.711556	0.207184	6.209949	-0.754588	-0.076956	0.651671	0.008915	-0.994210	-0.107085	0.656138	-0.074995	0.750905
250	3347577968													0.491014	0.077224	5.787820	-0.742837	-0.080000	0.664676	0.009772	-0.994024	-0.108719	0.669401	-0.074266	0.739180
251	3347594635													0.641086	-0.042649	5.225164	-0.728423	-0.081879	0.680217	0.009919	-0.993989	-0.109027	0.685056	-0.072671	0.724857
252	3347611302													1.216871	0.185114	4.789926	-0.711655	-0.081489	0.697787	0.008424	-0.994168	-0.107509	0.702479	-0.070631	0.708191
253	3347627969													1.387443	0.477549	4.467744	-0.693553	-0.080712	0.715870	0.006952	-0.994408	-0.105381	0.720372	-0.068110	0.690235
254	3347644636													1.438979	0.683485	3.845731	-0.674283	-0.080145	0.734111	0.005945	-0.994650	-0.103129	0.738449	-0.065174	0.671152
255	3347661303													1.598989	0.461126	2.981705	-0.654371	-0.079319	0.752002	0.004269	-0.994855	-0.101220	0.756162	-0.063025	0.651343
256	3347677970													1.547120	0.547036	2.039736	-0.634549	-0.078423	0.768894	0.001886	-0.994993	-0.099927	0.772880	-0.061959	0.631520
257	3347694637													1.486229	0.318721	0.665962	-0.614970	-0.077868	0.784696	-0.000933	-0.995040	-0.099472	0.788550	-0.061905	0.611847
258	3347711304													1.306094	0.012296	-0.918224	-0.595426	-0.077918	0.799623	-0.004376	-0.994957	-0.100210	0.803398	-0.063167	0.592082
259	3347727971													1.310692	-0.281831	-2.427715	-0.575210	-0.077857	0.814292	-0.009133	-0.994787	-0.101567	0.817955	-0.065860	0.571500
260	3347744638													0.965713	-0.161653	-4.321288	-0.552912	-0.076769	0.829696	-0.015562	-0.994622	-0.102399	0.833094	-0.069530	0.548743
261	3347761305													0.269995	-0.100614	-5.691017	-0.528620	-0.075395	0.845503	-0.023053	-0.994405	-0.103087	0.848545	-0.073985	0.523925
262	3347777972													0.399963	-0.001070	-6.914343	-0.501819	-0.073743	0.861823	-0.031097	-0.994177	-0.103175	0.864413	-0.078576	0.496604
263	3347794639													-0.352661	-0.051973	-8.106554	-0.472358	-0.071632	0.878491	-0.039524	-0.993968	-0.102300	0.880520	-0.083044	0.466678
264	3347811306													-0.478515	0.145427	-8.528181	-0.441004	-0.071651	0.894640	-0.046244	-0.993670	-0.102378	0.896313	-0.086521	0.434900
265	3347827973													-0.600290	0.162560	-8.169811	-0.409790	-0.071384	0.909383	-0.053070	-0.993379	-0.101891	0.910635	-0.090015	0.403288
266	3347844640													-0.926619	-0.262357	-7.562944	-0.379831	-0.071466	0.922291	-0.060447	-0.992963	-0.101837	0.923079	-0.094431	0.372838
267	3347861307													-1.264617	-0.065765	-6.537015	-0.351138	-0.070597	0.933659	-0.068364	-0.992559	-0.100762	0.933825	-0.099210	0.343699
268	3347877974													-1.754673	0.117518	-5.487047	-0.325203	-0.069086	0.943117	-0.076595	-0.992126	-0.099087	0.942537	-0.104461	0.317351
269	3347894641													-1.942582	0.333470	-4.344066	-0.300984	-0.067560	0.951233	-0.084087	-0.991722	-0.097042	0.949915	-0.109194	0.292812
270	3347911308													-2.421178	0.109308	-2.890661	-0.279479	-0.066142	0.957871	-0.089981	-0.991430	-0.094713	0.955926	-0.112661	0.271133
271	3347927975													-2.228931	-0.247163	-1.345101	-0.258419	-0.065195	0.963830	-0.095821	-0.991070	-0.092729	0.961269	-0.116318	0.249865
272	3347944642													-2.080305	-0.344236	-0.392776	-0.238871	-0.064318	0.968919	-0.102734	-0.990530	-0.091081	0.965601	-0.121298	0.230002
273	3347961309													-1.520875	0.029121	1.270010	-0.220304	-0.062703	0.973414	-0.109456	-0.990040	-0.088546	0.969271	-0.126053	0.211247
274	3347977976													-0.939903	0.251147	2.444102	-0.200938	-0.057483	0.977916	-0.115971	-0.989861	-0.082015	0.972715	-0.129890	0.192234
275	3347994643													-0.586978	0.418522	2.765206	-0.183554	-0.049752	0.981750	-0.121640	-0.989893	-0.072907	0.975455	-0.132802	0.175647
276	3348011310													-0.698213	0.677870	2.116907	-0.170058	-0.041822	0.984546	-0.124979	-0.990116	-0.063646	0.977477	-0.133871	0.163150
277	3348027977													-0.713946	0.380366	1.867304	-0.161407	-0.034157	0.986297	-0.126649	-0.990420	-0.055026	0.978728	-0.133795	0.155534
278	3348044644													-1.084922	0.339259	1.444326	-0.156602	-0.025952	0.987321	-0.126968	-0.990831	-0.046183	0.979467	-0.132591	0.151871
279	3348061311													-1.135186	0.053626	1.102899	-0.155511	-0.019186	0.987648	-0.125638	-0.991308	-0.039040	0.979812	-0.130157	0.151749
