// Start Time: Unknown
// Update Rate: 100.0Hz
//Filter Profile: human (46.1)
// Option Flags: AHS Disabled ICC Disabled
// Firmware Version: 4.0.2
PacketCounter	SampleTimeFine	Year	Month	Day	Second	UTC_Nano	UTC_Year	UTC_Month	UTC_Day	UTC_Hour	UTC_Minute	UTC_Second	UTC_Valid	Acc_X	Acc_Y	Acc_Z	Mat[1][1]	Mat[1][2]	Mat[1][3]	Mat[2][1]	Mat[2][2]	Mat[2][3]	Mat[3][1]	Mat[3][2]	Mat[3][3]
1	3343427885													0.020941	0.051910	0.102496	-0.090822	-0.884831	0.456974	-0.479086	0.441103	0.758884	-0.873057	-0.150006	-0.463972
2	3343444552													0.075511	0.067570	0.103236	-0.090807	-0.884858	0.456925	-0.479069	0.441058	0.758921	-0.873067	-0.149983	-0.463959
3	3343461219													0.096427	0.031560	0.104791	-0.090822	-0.884830	0.456976	-0.479059	0.441110	0.758897	-0.873072	-0.149994	-0.463948
4	3343477886													0.097896	0.033207	0.093122	-0.090764	-0.884790	0.457065	-0.479056	0.441160	0.758870	-0.873079	-0.150082	-0.463905
5	3343494553													0.089021	0.033100	0.085672	-0.090734	-0.884732	0.457183	-0.479021	0.441254	0.758838	-0.873102	-0.150148	-0.463842
6	3343511220													0.081965	0.032125	0.117764	-0.090723	-0.884667	0.457312	-0.479038	0.441356	0.758767	-0.873093	-0.150232	-0.463830
7	3343527887													0.065100	0.017790	0.123466	-0.090705	-0.884579	0.457485	-0.479052	0.441493	0.758678	-0.873087	-0.150343	-0.463805
8	3343544554													0.053360	0.015674	0.109216	-0.090654	-0.884479	0.457689	-0.479045	0.441647	0.758593	-0.873097	-0.150484	-0.463742
9	3343561221													0.051913	0.037968	0.119196	-0.090631	-0.884414	0.457818	-0.479020	0.441752	0.758548	-0.873113	-0.150556	-0.463689
10	3343577888													0.040294	0.047080	0.113602	-0.090600	-0.884381	0.457889	-0.478963	0.441808	0.758551	-0.873147	-0.150587	-0.463614
11	3343594555													0.019999	0.037912	0.096769	-0.090525	-0.884362	0.457940	-0.478888	0.441830	0.758585	-0.873196	-0.150631	-0.463507
12	3343611222													0.005106	0.052265	0.083445	-0.090477	-0.884347	0.457977	-0.478819	0.441853	0.758616	-0.873239	-0.150651	-0.463420
13	3343627889													0.016042	0.051549	0.110593	-0.090423	-0.884360	0.457964	-0.478789	0.441822	0.758653	-0.873261	-0.150669	-0.463373
14	3343644556													0.012827	0.056007	0.098869	-0.090328	-0.884434	0.457840	-0.478755	0.441678	0.758758	-0.873289	-0.150656	-0.463323
15	3343661223													0.003726	0.052689	0.092854	-0.090214	-0.884529	0.457678	-0.478726	0.441492	0.758885	-0.873317	-0.150640	-0.463276
16	3343677890													0.018307	0.031137	0.104854	-0.090111	-0.884598	0.457566	-0.478717	0.441351	0.758973	-0.873333	-0.150653	-0.463242
17	3343694557													0.030838	0.015933	0.108184	-0.090026	-0.884603	0.457573	-0.478729	0.441316	0.758986	-0.873335	-0.150725	-0.463214
18	3343711224													0.053808	0.025830	0.092092	-0.089968	-0.884599	0.457591	-0.478746	0.441302	0.758983	-0.873332	-0.150786	-0.463202
19	3343727891													0.078619	0.019404	0.099937	-0.089905	-0.884593	0.457616	-0.478750	0.441294	0.758985	-0.873336	-0.150848	-0.463173
20	3343744558													0.073981	0.037174	0.110703	-0.089846	-0.884559	0.457694	-0.478749	0.441334	0.758962	-0.873343	-0.150931	-0.463134
21	3343761225													0.072995	0.051500	0.110357	-0.089814	-0.884497	0.457820	-0.478740	0.441429	0.758913	-0.873351	-0.151016	-0.463090
22	3343777892													0.072235	0.066168	0.090510	-0.089739	-0.884443	0.457938	-0.478720	0.441500	0.758884	-0.873369	-0.151123	-0.463021
23	3343794559													0.048280	0.058368	0.092993	-0.089644	-0.884424	0.457993	-0.478710	0.441506	0.758887	-0.873385	-0.151217	-0.462961
24	3343811226													0.051070	0.045939	0.103736	-0.089570	-0.884416	0.458024	-0.478729	0.441496	0.758881	-0.873382	-0.151297	-0.462940
25	3343827893													0.046744	0.043085	0.109860	-0.089482	-0.884379	0.458112	-0.478762	0.441526	0.758843	-0.873373	-0.151424	-0.462916
26	3343844560													0.035948	0.056692	0.112728	-0.089448	-0.884331	0.458212	-0.478801	0.441588	0.758781	-0.873355	-0.151521	-0.462918
27	3343861227													0.022844	0.039798	0.094759	-0.089420	-0.884269	0.458337	-0.478824	0.441680	0.758714	-0.873345	-0.151618	-0.462904
28	3343877894													0.055826	0.058098	0.092879	-0.089364	-0.884225	0.458432	-0.478858	0.441729	0.758663	-0.873332	-0.151726	-0.462893
29	3343894561													0.054784	0.064449	0.111561	-0.089326	-0.884190	0.458507	-0.478914	0.441766	0.758607	-0.873305	-0.151822	-0.462912
30	3343911228													0.064453	0.070840	0.096270	-0.089307	-0.884155	0.458578	-0.478969	0.441809	0.758547	-0.873277	-0.151901	-0.462940
31	3343927895													0.092083	0.074263	0.115224	-0.089271	-0.884111	0.458671	-0.479030	0.441862	0.758477	-0.873247	-0.152007	-0.462961
32	3343944562													0.082402	0.054902	0.105601	-0.089224	-0.884079	0.458741	-0.479097	0.441889	0.758420	-0.873216	-0.152112	-0.462986
33	3343961229													0.077058	0.069761	0.117524	-0.089188	-0.884060	0.458784	-0.479145	0.441901	0.758382	-0.873193	-0.152186	-0.463005
34	3343977896													0.085841	0.061778	0.114908	-0.089183	-0.884065	0.458776	-0.479199	0.441883	0.758359	-0.873164	-0.152212	-0.463051
35	3343994563													0.077595	0.059016	0.112698	-0.089163	-0.884072	0.458766	-0.479240	0.441858	0.758347	-0.873143	-0.152243	-0.463080
36	3344011230													0.080874	0.054852	0.109262	-0.089175	-0.884081	0.458746	-0.479257	0.441843	0.758345	-0.873133	-0.152232	-0.463103
37	3344027897													0.084944	0.080948	0.110300	-0.089188	-0.884101	0.458706	-0.479258	0.441815	0.758361	-0.873131	-0.152202	-0.463117
38	3344044564													0.077881	0.067984	0.105623	-0.089208	-0.884113	0.458678	-0.479280	0.441796	0.758358	-0.873117	-0.152183	-0.463149
39	3344061231													0.059934	0.058108	0.093743	-0.089236	-0.884134	0.458632	-0.479308	0.441765	0.758359	-0.873099	-0.152153	-0.463194
40	3344077898													0.067724	0.065467	0.103670	-0.089289	-0.884165	0.458562	-0.479343	0.441722	0.758361	-0.873074	-0.152095	-0.463259
41	3344094565													0.053075	0.071672	0.118956	-0.089361	-0.884207	0.458468	-0.479376	0.441669	0.758372	-0.873048	-0.152010	-0.463335
42	3344111232													0.039182	0.080692	0.113241	-0.089400	-0.884273	0.458333	-0.479404	0.441566	0.758414	-0.873029	-0.151924	-0.463400
43	3344127899													0.043464	0.063930	0.113418	-0.089449	-0.884340	0.458194	-0.479463	0.441459	0.758439	-0.872992	-0.151845	-0.463496
44	3344144566													0.043686	0.060144	0.103235	-0.089489	-0.884397	0.458075	-0.479522	0.441365	0.758456	-0.872955	-0.151784	-0.463585
45	3344161233													0.043507	0.053157	0.109674	-0.089556	-0.884440	0.457979	-0.479556	0.441307	0.758468	-0.872930	-0.151701	-0.463660
46	3344177900													0.014814	0.067118	0.085531	-0.089584	-0.884497	0.457863	-0.479595	0.441214	0.758498	-0.872905	-0.151640	-0.463726
47	3344194567													0.013368	0.058755	0.096515	-0.089645	-0.884566	0.457719	-0.479638	0.441110	0.758531	-0.872875	-0.151541	-0.463815
48	3344211234													0.006199	0.072721	0.117354	-0.089685	-0.884655	0.457540	-0.479683	0.440967	0.758586	-0.872846	-0.151440	-0.463902
49	3344227901													-0.000141	0.074549	0.099748	-0.089761	-0.884765	0.457312	-0.479732	0.440798	0.758653	-0.872812	-0.151290	-0.464016
50	3344244568													0.012601	0.066895	0.089046	-0.089843	-0.884892	0.457051	-0.479806	0.440598	0.758722	-0.872763	-0.151130	-0.464161
51	3344261235													0.033740	0.067822	0.137969	-0.089923	-0.885036	0.456756	-0.479887	0.440368	0.758805	-0.872710	-0.150957	-0.464316
52	3344277902													0.029526	0.077928	0.095539	-0.089997	-0.885174	0.456473	-0.479977	0.440144	0.758877	-0.872652	-0.150800	-0.464475
53	3344294569													0.053353	0.070101	0.121304	-0.090063	-0.885293	0.456229	-0.480063	0.439950	0.758936	-0.872599	-0.150666	-0.464619
54	3344311236													0.077431	0.067969	0.119715	-0.090209	-0.885381	0.456030	-0.480168	0.439828	0.758940	-0.872526	-0.150508	-0.464808
55	3344327903													0.100308	0.047406	0.116215	-0.090313	-0.885437	0.455899	-0.480220	0.439754	0.758950	-0.872486	-0.150389	-0.464920
56	3344344570													0.103926	0.065911	0.104322	-0.090388	-0.885461	0.455839	-0.480242	0.439733	0.758948	-0.872466	-0.150313	-0.464982
57	3344361237													0.104193	0.065278	0.102457	-0.090481	-0.885443	0.455855	-0.480238	0.439790	0.758918	-0.872459	-0.150251	-0.465016
58	3344377904													0.062811	0.053087	0.106433	-0.090559	-0.885443	0.455839	-0.480251	0.439810	0.758898	-0.872444	-0.150192	-0.465064
59	3344394571													0.025574	0.051668	0.115326	-0.090648	-0.885449	0.455810	-0.480269	0.439822	0.758879	-0.872424	-0.150121	-0.465123
60	3344411238													0.039376	0.055956	0.111271	-0.090687	-0.885444	0.455812	-0.480286	0.439839	0.758859	-0.872411	-0.150102	-0.465154
61	3344427905													0.027069	0.053452	0.120952	-0.090736	-0.885437	0.455816	-0.480298	0.439863	0.758838	-0.872400	-0.150073	-0.465185
62	3344444572													0.013880	0.046066	0.120858	-0.090750	-0.885426	0.455835	-0.480271	0.439890	0.758839	-0.872413	-0.150060	-0.465164
63	3344461239													0.026720	0.030061	0.103173	-0.090768	-0.885397	0.455888	-0.480230	0.439951	0.758830	-0.872434	-0.150053	-0.465127
64	3344477906													0.050270	0.014375	0.082421	-0.090791	-0.885406	0.455865	-0.480182	0.439950	0.758861	-0.872458	-0.150000	-0.465099
65	3344494573													0.047599	0.028457	0.085556	-0.090833	-0.885428	0.455814	-0.480122	0.439936	0.758907	-0.872487	-0.149913	-0.465074
66	3344511240													0.029346	0.041134	0.099801	-0.090853	-0.885471	0.455726	-0.480082	0.439876	0.758967	-0.872506	-0.149831	-0.465063
67	3344527907													-0.005889	0.077640	0.106836	-0.090868	-0.885532	0.455605	-0.480042	0.439786	0.759044	-0.872527	-0.149737	-0.465055
68	3344544574													-0.011173	0.064386	0.121864	-0.090890	-0.885577	0.455513	-0.480028	0.439719	0.759092	-0.872532	-0.149665	-0.465068
69	3344561241													-0.004505	0.044674	0.113953	-0.090890	-0.885605	0.455459	-0.480022	0.439674	0.759122	-0.872535	-0.149634	-0.465072
70	3344577908													0.015325	0.009158	0.112902	-0.090890	-0.885649	0.455373	-0.480005	0.439603	0.759173	-0.872545	-0.149580	-0.465072
71	3344594575													0.021522	0.036120	0.108196	-0.090927	-0.885700	0.455267	-0.479957	0.439538	0.759241	-0.872567	-0.149473	-0.465064
72	3344611242													0.025322	0.017851	0.103444	-0.090927	-0.885745	0.455179	-0.479899	0.439472	0.759316	-0.872599	-0.149397	-0.465028
73	3344627909													0.032423	0.037930	0.107386	-0.090919	-0.885785	0.455103	-0.479850	0.439412	0.759382	-0.872627	-0.149339	-0.464995
74	3344644576													0.030107	0.051559	0.111980	-0.090901	-0.885825	0.455028	-0.479788	0.439350	0.759457	-0.872663	-0.149282	-0.464946
75	3344661243													0.017453	0.048903	0.107647	-0.090892	-0.885850	0.454982	-0.479745	0.439314	0.759505	-0.872687	-0.149243	-0.464912
76	3344677910													0.040907	0.060673	0.109194	-0.090883	-0.885880	0.454925	-0.479687	0.439271	0.759567	-0.872720	-0.149190	-0.464867
77	3344694577													0.021134	0.030247	0.110393	-0.090853	-0.885922	0.454849	-0.479650	0.439198	0.759632	-0.872744	-0.149154	-0.464835
78	3344711244													0.047602	0.036870	0.112325	-0.090793	-0.885938	0.454830	-0.479573	0.439168	0.759698	-0.872793	-0.149149	-0.464745
79	3344727911													0.058306	0.022028	0.097296	-0.090732	-0.885923	0.454871	-0.479486	0.439190	0.759740	-0.872847	-0.149171	-0.464636
80	3344744578													0.046185	0.030495	0.096359	-0.090681	-0.885876	0.454973	-0.479407	0.439268	0.759745	-0.872895	-0.149222	-0.464528
81	3344761245													0.037918	0.019772	0.108055	-0.090630	-0.885796	0.455140	-0.479334	0.439400	0.759715	-0.872941	-0.149311	-0.464414
82	3344777912													0.054143	0.037494	0.112986	-0.090575	-0.885685	0.455366	-0.479225	0.439588	0.759675	-0.873006	-0.149415	-0.464258
83	3344794579													0.046114	0.060367	0.122890	-0.090548	-0.885558	0.455618	-0.479118	0.439810	0.759614	-0.873068	-0.149513	-0.464111
84	3344811246													0.046327	0.062454	0.102804	-0.090503	-0.885419	0.455898	-0.478948	0.440058	0.759577	-0.873165	-0.149608	-0.463896
85	3344827913													0.041438	0.101179	0.114935	-0.090422	-0.885330	0.456085	-0.478759	0.440215	0.759606	-0.873278	-0.149670	-0.463665
86	3344844580													0.019662	0.089432	0.125586	-0.090283	-0.885258	0.456253	-0.478536	0.440333	0.759677	-0.873414	-0.149747	-0.463383
87	3344861247													0.043577	0.063159	0.117705	-0.090153	-0.885200	0.456392	-0.478311	0.440432	0.759762	-0.873551	-0.149803	-0.463107
88	3344877914													0.022375	0.069733	0.118048	-0.089973	-0.885167	0.456492	-0.478119	0.440469	0.759861	-0.873674	-0.149891	-0.462845
89	3344894581													0.034898	0.048446	0.111612	-0.089826	-0.885130	0.456593	-0.477907	0.440525	0.759962	-0.873805	-0.149944	-0.462580
90	3344911248													0.005106	0.058021	0.125466	-0.089719	-0.885052	0.456765	-0.477660	0.440667	0.760035	-0.873951	-0.149989	-0.462290
91	3344927915													-0.034053	0.111828	0.145505	-0.089569	-0.884954	0.456984	-0.477388	0.440833	0.760110	-0.874116	-0.150076	-0.461951
92	3344944582													-0.063153	0.134367	0.172705	-0.089330	-0.884908	0.457120	-0.477106	0.440890	0.760254	-0.874294	-0.150181	-0.461580
93	3344961249													-0.098849	0.164349	0.174741	-0.088950	-0.884998	0.457018	-0.476797	0.440683	0.760567	-0.874501	-0.150252	-0.461164
94	3344977916													-0.107973	0.198144	0.076959	-0.088446	-0.885275	0.456581	-0.476472	0.440135	0.761088	-0.874729	-0.150233	-0.460737
95	3344994583													-0.098620	0.165892	0.049106	-0.087921	-0.885728	0.455803	-0.476165	0.439281	0.761774	-0.874950	-0.150061	-0.460374
96	3345011250													-0.113120	0.100029	0.069571	-0.087566	-0.886202	0.454949	-0.475891	0.438432	0.762433	-0.875134	-0.149743	-0.460128
97	3345027917													-0.110305	0.068583	0.092954	-0.087260	-0.886596	0.454239	-0.475671	0.437721	0.762979	-0.875284	-0.149491	-0.459924
98	3345044584													-0.024242	0.045087	0.097986	-0.086821	-0.886940	0.453651	-0.475485	0.437048	0.763481	-0.875429	-0.149417	-0.459672
99	3345061251													0.021863	0.043809	0.030278	-0.086345	-0.887272	0.453093	-0.475342	0.436378	0.763953	-0.875554	-0.149411	-0.459437
100	3345077918													0.013549	-0.001130	0.047271	-0.086039	-0.887552	0.452603	-0.475289	0.435826	0.764301	-0.875612	-0.149357	-0.459342
101	3345094585													-0.045794	-0.012716	0.048877	-0.085916	-0.887736	0.452264	-0.475291	0.435478	0.764498	-0.875624	-0.149275	-0.459348
102	3345111252													-0.042028	-0.013529	0.062019	-0.085890	-0.887800	0.452144	-0.475291	0.435363	0.764563	-0.875626	-0.149232	-0.459357
103	3345127919													0.017293	0.033820	0.101486	-0.085848	-0.887815	0.452122	-0.475278	0.435327	0.764592	-0.875637	-0.149245	-0.459331
104	3345144586													0.108371	0.048920	0.089759	-0.085755	-0.887862	0.452047	-0.475259	0.435224	0.764663	-0.875657	-0.149266	-0.459287
105	3345161253													0.154419	0.066964	0.097300	-0.085635	-0.887974	0.451851	-0.475210	0.435009	0.764815	-0.875695	-0.149229	-0.459226
106	3345177920													0.198817	0.045411	0.143765	-0.085500	-0.888081	0.451665	-0.475136	0.434801	0.764979	-0.875749	-0.149197	-0.459135
107	3345194587													0.216279	0.016681	0.121927	-0.085339	-0.888164	0.451532	-0.475010	0.434635	0.765152	-0.875832	-0.149185	-0.458979
108	3345211254													0.216010	-0.016885	0.138759	-0.085105	-0.888217	0.451472	-0.474843	0.434506	0.765329	-0.875946	-0.149245	-0.458742
109	3345227921													0.215109	-0.047252	0.107448	-0.084873	-0.888212	0.451526	-0.474595	0.434491	0.765492	-0.876103	-0.149323	-0.458417
110	3345244588													0.192231	-0.048826	0.121116	-0.084625	-0.888119	0.451755	-0.474289	0.434628	0.765603	-0.876293	-0.149473	-0.458006
111	3345261255													0.191523	-0.045783	0.126820	-0.084416	-0.887926	0.452174	-0.473938	0.434955	0.765634	-0.876502	-0.149671	-0.457540
112	3345277922													0.176354	-0.002854	0.154363	-0.084222	-0.887639	0.452773	-0.473586	0.435444	0.765575	-0.876712	-0.149948	-0.457047
113	3345294589													0.154686	-0.012306	0.160400	-0.083900	-0.887402	0.453297	-0.473236	0.435812	0.765582	-0.876931	-0.150284	-0.456516
114	3345311256													0.086590	0.006181	0.173546	-0.083487	-0.887270	0.453633	-0.472835	0.435985	0.765731	-0.877187	-0.150565	-0.455931
115	3345327923													0.093266	0.068179	0.321036	-0.083148	-0.887117	0.453994	-0.472473	0.436207	0.765828	-0.877414	-0.150823	-0.455408
116	3345344590													0.145263	0.008426	0.255381	-0.082371	-0.887191	0.453990	-0.472071	0.435925	0.766237	-0.877704	-0.151200	-0.454724
117	3345361257													0.037439	0.004630	0.176723	-0.081110	-0.887594	0.453429	-0.471397	0.434993	0.767181	-0.878183	-0.151519	-0.453692
118	3345377924													-0.043519	0.094442	0.241416	-0.079799	-0.888039	0.452790	-0.470395	0.434028	0.768341	-0.878840	-0.151678	-0.452364
119	3345394591													-0.067474	0.125642	0.327587	-0.078199	-0.888559	0.452049	-0.469159	0.432889	0.769738	-0.879645	-0.151890	-0.450727
120	3345411258													-0.130656	0.067312	0.195745	-0.075783	-0.889319	0.450964	-0.467647	0.431140	0.771637	-0.880660	-0.152415	-0.448561
121	3345427925													-0.201529	0.083795	0.190675	-0.073105	-0.890505	0.449061	-0.465827	0.428621	0.774137	-0.881851	-0.152592	-0.446156
122	3345444592													-0.379191	0.020096	0.260694	-0.069591	-0.891824	0.446998	-0.463652	0.425662	0.777071	-0.883280	-0.153174	-0.443118
123	3345461259													-0.437328	-0.003298	0.280443	-0.065451	-0.893189	0.444893	-0.461056	0.422473	0.780348	-0.884954	-0.154046	-0.439462
124	3345477926													-0.350745	0.088932	0.227177	-0.061416	-0.894443	0.442945	-0.458064	0.419546	0.783682	-0.886795	-0.154767	-0.435479
125	3345494593													-0.299021	0.105972	0.299957	-0.055796	-0.896032	0.440469	-0.454561	0.415582	0.787824	-0.888966	-0.156262	-0.430489
126	3345511260													-0.579414	-0.012125	0.321085	-0.049614	-0.897362	0.438498	-0.450407	0.411963	0.792099	-0.891444	-0.158203	-0.424617
127	3345527927													-0.654725	0.192595	0.191774	-0.043051	-0.898383	0.437097	-0.445371	0.408884	0.796529	-0.894310	-0.160379	-0.417717
128	3345544594													-0.477706	0.316308	0.141656	-0.036628	-0.899216	0.435968	-0.439489	0.406302	0.801104	-0.897501	-0.162260	-0.410077
129	3345561261													-0.316042	0.379175	0.081861	-0.030543	-0.899801	0.435230	-0.432741	0.404413	0.805721	-0.901001	-0.163733	-0.401732
130	3345577928													-0.266482	0.303824	0.168924	-0.023137	-0.900523	0.434193	-0.424901	0.401989	0.811088	-0.904944	-0.165723	-0.391933
131	3345594595													-0.246756	0.329306	0.237321	-0.015188	-0.901066	0.433417	-0.415830	0.399896	0.816804	-0.909316	-0.167822	-0.380763
132	3345611262													-0.061298	0.337491	0.281509	-0.006268	-0.901566	0.432595	-0.404687	0.397882	0.823358	-0.914434	-0.169905	-0.367346
133	3345627929													0.436857	0.437291	0.328362	0.004809	-0.902317	0.431046	-0.390601	0.395112	0.831455	-0.920547	-0.172366	-0.350546
134	3345644596													1.362588	0.610553	0.462816	0.018146	-0.902489	0.430331	-0.372436	0.393326	0.840586	-0.927880	-0.175524	-0.328982
135	3345661263													3.523953	0.395844	1.024406	0.034676	-0.901829	0.430700	-0.347817	0.393128	0.851160	-0.936921	-0.179320	-0.300040
136	3345677930													2.483276	-1.686507	1.002043	0.053127	-0.905712	0.420551	-0.315857	0.384282	0.867503	-0.947318	-0.178922	-0.265660
137	3345694597													-0.996245	-0.197835	0.287662	0.079165	-0.909536	0.408017	-0.277870	0.372945	0.885269	-0.957351	-0.183458	-0.223208
138	3345711264													-3.645883	1.484287	-1.593167	0.104975	-0.905746	0.410615	-0.239424	0.377733	0.894424	-0.965224	-0.192203	-0.177205
139	3345727931													-2.899413	2.396631	-3.038986	0.123226	-0.898267	0.421820	-0.204952	0.392860	0.896468	-0.970984	-0.196921	-0.135691
140	3345744598													-1.313618	1.824430	-2.378737	0.133431	-0.895614	0.424348	-0.174432	0.400269	0.899643	-0.975587	-0.194061	-0.102816
141	3345761265													-2.689250	0.717615	-0.630940	0.144379	-0.895794	0.420367	-0.146136	0.400857	0.904410	-0.978672	-0.192009	-0.073033
142	3345777932													-1.434829	0.014981	-0.939515	0.159487	-0.895467	0.415574	-0.119224	0.400410	0.908547	-0.979974	-0.194447	-0.042901
143	3345794599													-0.266162	-0.876634	0.035773	0.174204	-0.895422	0.409723	-0.093795	0.399104	0.912095	-0.980232	-0.197321	-0.014461
144	3345811266													-1.553326	0.109105	0.507743	0.186924	-0.895803	0.403232	-0.067480	0.397789	0.914992	-0.980054	-0.198244	0.013908
145	3345827933													-2.345412	0.869754	0.533677	0.199860	-0.896065	0.396387	-0.037662	0.397225	0.916948	-0.979100	-0.198190	0.045642
146	3345844600													-1.761727	0.177744	-0.308004	0.212365	-0.897746	0.385944	-0.005556	0.393837	0.919163	-0.977175	-0.197342	0.078649
147	3345861267													-0.512076	-0.109115	-1.500464	0.219793	-0.902059	0.371458	0.027910	0.386428	0.921897	-0.975147	-0.192259	0.110110
148	3345877934													0.420366	-0.204108	-2.309820	0.224341	-0.907704	0.354604	0.062183	0.376471	0.924339	-0.972525	-0.185317	0.140902
149	3345894601													0.973833	-1.766844	-2.690175	0.229093	-0.913578	0.335994	0.096584	0.364805	0.926061	-0.968601	-0.179703	0.171811
150	3345911268													1.222394	-1.368816	-1.389727	0.238856	-0.917412	0.318280	0.130282	0.355080	0.925713	-0.962276	-0.179646	0.204335
151	3345927935													1.595781	-1.421246	-0.446036	0.250664	-0.919317	0.303355	0.162210	0.348815	0.923047	-0.954387	-0.182168	0.236558
152	3345944602													1.513000	-0.266577	0.084256	0.262602	-0.919884	0.291298	0.192044	0.345680	0.918490	-0.945600	-0.185255	0.267434
153	3345961269													0.695315	0.574335	-0.299922	0.269704	-0.921698	0.278806	0.220285	0.340912	0.913922	-0.937408	-0.185071	0.294981
154	3345977936													0.428880	-0.292061	0.211514	0.273779	-0.924875	0.263913	0.247622	0.332929	0.909858	-0.929370	-0.183750	0.320169
155	3345994603													0.058589	-0.495097	0.540837	0.278059	-0.927666	0.249236	0.273430	0.325175	0.905261	-0.920825	-0.183568	0.344070
156	3346011270													0.676147	-0.635373	0.869816	0.281087	-0.930127	0.236336	0.297149	0.318516	0.900139	-0.912520	-0.182790	0.365917
157	3346027937													1.256840	-1.438165	1.309241	0.284936	-0.931362	0.226664	0.317600	0.314841	0.894430	-0.904401	-0.182867	0.385510
158	3346044604													1.232330	-1.493163	1.990463	0.289929	-0.931344	0.220316	0.334877	0.314374	0.888272	-0.896548	-0.183757	0.403032
159	3346061271													1.131700	-0.934734	1.676355	0.296134	-0.929994	0.217752	0.348514	0.317468	0.881902	-0.889293	-0.185272	0.418129
160	3346077938													1.157012	-0.242079	1.443848	0.301294	-0.928663	0.216351	0.359526	0.320788	0.876263	-0.883155	-0.186228	0.430530
161	3346094605													1.329372	-0.225766	1.239316	0.304279	-0.928293	0.213742	0.369001	0.321726	0.871969	-0.878210	-0.186451	0.440436
162	3346111272													1.125556	-0.498783	1.818713	0.305001	-0.928751	0.210701	0.376530	0.320816	0.869081	-0.874757	-0.185735	0.447552
163	3346127939													1.002060	-0.450145	2.559522	0.303603	-0.929559	0.209156	0.380990	0.319643	0.867569	-0.873311	-0.183710	0.451197
164	3346144606													0.711875	-0.770366	2.952090	0.303150	-0.929571	0.209755	0.381516	0.320093	0.867171	-0.873239	-0.182858	0.451683
165	3346161273													0.582013	-0.353685	2.621907	0.303215	-0.929150	0.211520	0.378664	0.321175	0.868021	-0.874456	-0.183102	0.449221
166	3346177940													0.294272	-0.157561	2.434322	0.302906	-0.928833	0.213345	0.373198	0.321590	0.870232	-0.876910	-0.183978	0.444050
167	3346194607													0.127968	-0.029586	2.419469	0.300420	-0.929059	0.215865	0.365008	0.321075	0.873888	-0.881202	-0.183741	0.435571
168	3346211274													0.023257	0.058703	2.384749	0.294777	-0.930155	0.218903	0.353964	0.319074	0.879148	-0.887590	-0.181669	0.423297
169	3346227941													0.056216	0.090306	2.387224	0.288732	-0.931223	0.222390	0.339762	0.316826	0.885541	-0.895095	-0.180124	0.407872
170	3346244608													0.066167	0.433017	2.130513	0.282176	-0.932222	0.226580	0.322239	0.314555	0.892870	-0.903625	-0.178934	0.389158
171	3346261275													0.076833	0.317781	1.878627	0.274915	-0.933283	0.231095	0.301596	0.311933	0.900965	-0.912941	-0.177992	0.367230
172	3346277942													0.175421	0.249714	1.615585	0.266831	-0.934335	0.236262	0.277197	0.309196	0.909703	-0.923018	-0.177246	0.341498
173	3346294609													0.009723	-0.181476	1.185340	0.257788	-0.935165	0.242923	0.248893	0.307209	0.918518	-0.933594	-0.176321	0.311950
174	3346311276													-0.401194	-0.537028	0.619203	0.247679	-0.935595	0.251628	0.216978	0.306689	0.926748	-0.944233	-0.174939	0.278964
175	3346327943													-1.172671	-0.619619	-0.162602	0.237916	-0.935194	0.262312	0.181462	0.308109	0.933885	-0.954184	-0.174586	0.243006
176	3346344610													-1.284803	-0.160764	-0.924433	0.228440	-0.934160	0.274153	0.142964	0.310735	0.939684	-0.963004	-0.175468	0.204535
177	3346361277													-1.335314	-0.217003	-1.573129	0.216973	-0.933547	0.285330	0.102740	0.312508	0.944343	-0.970756	-0.175582	0.163719
178	3346377944													-1.034919	0.354953	-1.705926	0.205497	-0.932237	0.297833	0.060916	0.315922	0.946828	-0.976760	-0.176428	0.121709
179	3346394611													-1.019804	-0.024638	-1.751926	0.192918	-0.930881	0.310230	0.018543	0.319572	0.947381	-0.981040	-0.177015	0.078913
180	3346411278													-0.572877	-0.121141	-1.605932	0.179642	-0.929385	0.322447	-0.023982	0.323545	0.945909	-0.983440	-0.177658	0.035833
181	3346427945													-0.451825	-0.436354	-1.847189	0.166438	-0.927855	0.333742	-0.066104	0.327202	0.942639	-0.983834	-0.178953	-0.006876
182	3346444612													-0.199834	0.012584	-2.037450	0.150616	-0.926288	0.345407	-0.108183	0.331851	0.937108	-0.982655	-0.178510	-0.050226
183	3346461279													-0.330212	-0.380897	-1.942199	0.132910	-0.925267	0.355268	-0.149235	0.335679	0.930080	-0.979829	-0.176635	-0.093467
184	3346477946													-0.256004	-0.205859	-1.935816	0.114625	-0.925300	0.361497	-0.188008	0.337113	0.922501	-0.975456	-0.173706	-0.135323
185	3346494613													0.034348	0.218249	-1.938159	0.095053	-0.926848	0.363205	-0.224265	0.335539	0.914942	-0.969882	-0.168422	-0.175965
186	3346511280													-0.026868	0.402541	-1.471447	0.077098	-0.929054	0.361822	-0.257459	0.332042	0.907449	-0.963209	-0.163117	-0.213594
187	3346527947													1.062024	0.179158	-1.253778	0.060690	-0.930960	0.360042	-0.287881	0.329054	0.899360	-0.955741	-0.158232	-0.248035
188	3346544614													1.854047	0.542579	-0.567170	0.045400	-0.932234	0.358997	-0.315293	0.327627	0.890646	-0.947908	-0.153624	-0.279053
189	3346561281													1.966838	1.360101	-0.290824	0.031383	-0.934298	0.355108	-0.339245	0.324236	0.883054	-0.940174	-0.148182	-0.306781
190	3346577948													1.701207	0.989792	0.414663	0.020976	-0.936248	0.350714	-0.359597	0.320250	0.876430	-0.932872	-0.144500	-0.329954
191	3346594615													1.724689	0.704169	1.018799	0.012512	-0.937340	0.348192	-0.376894	0.318116	0.869916	-0.926172	-0.142116	-0.349297
192	3346611282													1.248515	0.425458	1.153986	0.005023	-0.937400	0.348219	-0.391221	0.318626	0.863379	-0.920283	-0.140567	-0.365130
193	3346627949													0.845025	0.016013	0.977902	-0.000819	-0.936299	0.351204	-0.403225	0.321696	0.856692	-0.915100	-0.140913	-0.377803
194	3346644616													0.259805	-0.204907	0.678717	-0.004596	-0.934376	0.356260	-0.413523	0.326151	0.850073	-0.910482	-0.143415	-0.387885
195	3346661283													-0.211049	-0.468418	0.484987	-0.008060	-0.931694	0.363154	-0.422451	0.332338	0.843259	-0.906350	-0.146618	-0.396274
196	3346677950													-0.571218	-0.424045	0.451908	-0.012055	-0.929006	0.369868	-0.429923	0.338775	0.836898	-0.902785	-0.148926	-0.403485
197	3346694617													-0.890191	-0.295536	0.553336	-0.015724	-0.926544	0.375857	-0.435308	0.344753	0.831656	-0.900144	-0.150537	-0.408753
198	3346711284													-1.025972	0.005564	0.532394	-0.019267	-0.924185	0.381459	-0.438405	0.350705	0.827531	-0.898571	-0.151290	-0.411924
199	3346727951													-0.799228	0.459840	0.481947	-0.023105	-0.922000	0.386500	-0.439316	0.356640	0.824506	-0.898035	-0.150745	-0.413289
200	3346744618													-0.460607	0.715517	0.534289	-0.025183	-0.920663	0.389546	-0.438680	0.360325	0.823241	-0.898290	-0.150154	-0.412950
201	3346761285													-0.248235	0.947572	0.377217	-0.025972	-0.920251	0.390466	-0.436676	0.361805	0.823657	-0.899244	-0.149116	-0.411248
202	3346777952													-0.215331	0.988194	0.226820	-0.025634	-0.920804	0.389182	-0.433649	0.361015	0.825601	-0.900717	-0.147605	-0.408560
203	3346794619													-0.308413	0.899317	0.153330	-0.024644	-0.922098	0.386172	-0.429755	0.358546	0.828707	-0.902609	-0.145537	-0.405112
204	3346811286													-0.642672	0.716507	0.381229	-0.022504	-0.923672	0.382522	-0.425198	0.355132	0.832519	-0.904820	-0.143913	-0.400736
205	3346827953													-0.941491	0.272701	0.371726	-0.020175	-0.924736	0.380074	-0.420073	0.352809	0.836101	-0.907266	-0.142790	-0.395575
206	3346844620													-1.029010	-0.045868	0.122116	-0.018156	-0.925789	0.377606	-0.414563	0.350644	0.839753	-0.909839	-0.141295	-0.390164
207	3346861287													-1.173495	-0.312322	0.040592	-0.015724	-0.926835	0.375139	-0.408800	0.348354	0.843524	-0.912489	-0.140093	-0.384367
208	3346877954													-1.056923	-0.264256	0.032501	-0.013269	-0.927555	0.373451	-0.402736	0.346807	0.847071	-0.915220	-0.139162	-0.378161
209	3346894621													-0.770348	-0.011988	0.086212	-0.010159	-0.928349	0.371571	-0.395926	0.344956	0.851028	-0.918226	-0.138469	-0.371062
210	3346911288													-0.696000	-0.118330	0.237383	-0.005464	-0.929108	0.369769	-0.387942	0.342784	0.855570	-0.921668	-0.138774	-0.362313
211	3346927955													-0.650399	-0.151871	0.279175	0.000003	-0.929791	0.368088	-0.378449	0.340710	0.860635	-0.925622	-0.139305	-0.351877
212	3346944622													-0.440511	0.092168	0.306172	0.007147	-0.930313	0.366698	-0.366930	0.338688	0.866402	-0.930221	-0.140745	-0.338939
213	3346961289													-0.172646	0.160725	0.482947	0.016860	-0.931038	0.364532	-0.352362	0.335661	0.873597	-0.935712	-0.143176	-0.322403
214	3346977956													-0.019804	0.195380	0.539096	0.028892	-0.931850	0.361691	-0.334112	0.332028	0.882115	-0.942091	-0.146331	-0.301749
215	3346994623													0.072044	0.080029	0.558298	0.044493	-0.931677	0.360552	-0.311525	0.329974	0.891106	-0.949196	-0.151968	-0.275559
216	3347011290													0.158048	0.358755	0.464659	0.061346	-0.930613	0.360827	-0.284216	0.330255	0.900085	-0.956796	-0.157769	-0.244235
217	3347027957													-0.418715	0.500591	0.040391	0.079743	-0.927847	0.364336	-0.252418	0.334792	0.907854	-0.964327	-0.164360	-0.207508
218	3347044624													-1.647493	0.627572	-0.832137	0.101474	-0.920751	0.376723	-0.217025	0.349069	0.911620	-0.970877	-0.174264	-0.164405
219	3347061291													-1.551355	0.622252	-1.772358	0.119909	-0.912890	0.390196	-0.181214	0.366303	0.912679	-0.976106	-0.180148	-0.121506
220	3347077958													-0.799546	1.226639	-1.939109	0.135805	-0.906847	0.398981	-0.145375	0.380113	0.913444	-0.980012	-0.182052	-0.080212
221	3347094625													-0.614918	-0.056542	-1.262851	0.154682	-0.900094	0.407313	-0.111382	0.393759	0.912441	-0.981666	-0.186505	-0.039347
222	3347111292													0.186638	-0.006188	-0.173714	0.172700	-0.895895	0.409324	-0.082426	0.400965	0.912378	-0.981520	-0.191307	-0.004599
223	3347127959													-0.677677	-0.112493	-1.015890	0.192581	-0.890870	0.411415	-0.053143	0.409179	0.910905	-0.979841	-0.197287	0.031457
224	3347144626													-2.603114	1.020164	-1.260180	0.215233	-0.885563	0.411645	-0.020048	0.417429	0.908488	-0.976357	-0.203790	0.072091
225	3347161293													-3.811952	4.165665	-2.508771	0.228912	-0.887100	0.400815	0.015374	0.414992	0.909695	-0.973326	-0.202078	0.108635
226	3347177960													-2.880071	1.729200	-2.422075	0.236462	-0.896264	0.375229	0.055291	0.397967	0.915732	-0.970066	-0.195789	0.143659
227	3347194627													-1.018595	-2.170338	-2.482898	0.240009	-0.909435	0.339594	0.097624	0.370657	0.923625	-0.965850	-0.188526	0.177744
228	3347211294													1.663212	-2.287834	-0.527399	0.242248	-0.921529	0.303481	0.139405	0.342613	0.929076	-0.960147	-0.182760	0.211463
229	3347227961													2.325343	-2.296000	0.591669	0.248213	-0.928317	0.276798	0.177503	0.324488	0.929086	-0.952304	-0.181479	0.245322
230	3347244628													2.916738	-2.814818	0.610509	0.259372	-0.929103	0.263617	0.210565	0.320794	0.923447	-0.942544	-0.184008	0.278841
231	3347261295													2.221334	-1.321121	-0.390505	0.274034	-0.926306	0.258578	0.239829	0.326197	0.914373	-0.931336	-0.188555	0.311544
232	3347277962													0.123164	0.761024	-0.005229	0.283183	-0.925047	0.253172	0.266813	0.329544	0.905655	-0.921205	-0.188916	0.340136
233	3347294629													-1.218069	0.544397	-0.021210	0.287937	-0.925880	0.244618	0.293489	0.328461	0.897762	-0.911568	-0.186707	0.366312
234	3347311296													-0.293719	0.013912	0.344959	0.291476	-0.927481	0.234139	0.319390	0.325081	0.890119	-0.901683	-0.184666	0.390981
235	3347327963													0.899473	-0.214710	0.437571	0.294194	-0.929034	0.224378	0.343348	0.321829	0.882348	-0.891943	-0.182542	0.413662
236	3347344630													0.787975	0.965669	1.046599	0.294676	-0.931263	0.214279	0.365939	0.317113	0.874944	-0.882754	-0.179412	0.434231
237	3347361297													0.355241	0.331879	1.201636	0.294827	-0.933544	0.203896	0.387156	0.311784	0.867698	-0.873606	-0.176881	0.453350
238	3347377964													0.892960	-1.108606	1.920751	0.300285	-0.933684	0.195098	0.405231	0.310037	0.860038	-0.863491	-0.179197	0.471457
239	3347394631													2.129965	-0.980596	1.969239	0.311828	-0.930799	0.190726	0.418273	0.314717	0.852057	-0.853118	-0.185920	0.487466
240	3347411298													1.484034	0.271217	1.326065	0.321319	-0.928095	0.188135	0.427915	0.319532	0.845451	-0.844774	-0.191154	0.499817
241	3347427965													0.403792	0.067157	0.919681	0.324557	-0.927949	0.183229	0.437207	0.318957	0.840902	-0.838756	-0.192812	0.509226
242	3347444632													1.173986	-0.879552	1.669167	0.324746	-0.929118	0.176861	0.446022	0.315340	0.837631	-0.834029	-0.193133	0.516812
243	3347461299													2.433379	-1.798914	2.547431	0.325774	-0.929669	0.172007	0.451846	0.312904	0.835419	-0.830485	-0.194437	0.522004
244	3347477966													2.055974	-1.302977	2.308197	0.328151	-0.929130	0.170396	0.453429	0.313177	0.834460	-0.828685	-0.196566	0.524063
245	3347494633													1.598882	-0.516977	2.200521	0.327711	-0.929243	0.170627	0.452156	0.312832	0.835279	-0.829555	-0.196580	0.522681
246	3347511300													1.297019	-0.267116	2.373202	0.324967	-0.930153	0.170915	0.448789	0.310750	0.837868	-0.832457	-0.195574	0.518426
247	3347527967													1.103193	-0.436908	2.733291	0.321777	-0.931063	0.171991	0.442496	0.308475	0.842046	-0.837053	-0.194846	0.511251
248	3347544634													0.914328	-0.286500	2.840909	0.320280	-0.931205	0.174004	0.432717	0.307206	0.847573	-0.842720	-0.196166	0.501340
249	3347561301													0.732114	0.217938	2.577942	0.318375	-0.931190	0.177544	0.419652	0.306385	0.854412	-0.850017	-0.197517	0.488321
250	3347577968													0.564558	0.381546	2.447792	0.312993	-0.932164	0.181950	0.404038	0.304061	0.862729	-0.859528	-0.196513	0.471798
251	3347594635													0.215620	0.297357	2.308736	0.306425	-0.933452	0.186470	0.385931	0.300899	0.872076	-0.870150	-0.195262	0.452451
252	3347611302													0.072213	-0.099769	2.081753	0.299515	-0.934782	0.190979	0.364612	0.297120	0.882484	-0.881674	-0.194684	0.429825
253	3347627969													-0.347920	-0.134045	1.907390	0.291537	-0.936103	0.196767	0.339041	0.293470	0.893827	-0.894459	-0.193871	0.402935
254	3347644636													-1.159592	-0.453957	1.906394	0.282921	-0.937074	0.204571	0.308655	0.290889	0.905602	-0.908123	-0.193072	0.371531
255	3347661303													-1.847885	-0.646972	1.757921	0.273104	-0.937716	0.214716	0.273611	0.289700	0.917175	-0.922253	-0.191735	0.335688
256	3347677970													-2.100173	-0.793025	1.153815	0.261347	-0.938204	0.226875	0.234421	0.289699	0.927966	-0.936346	-0.189337	0.295647
257	3347694637													-2.452084	-0.898309	0.714248	0.247816	-0.938512	0.240379	0.191497	0.290676	0.937463	-0.949693	-0.186287	0.251756
258	3347711304													-2.253097	-1.366816	-0.270347	0.233619	-0.938051	0.255894	0.145136	0.293870	0.944762	-0.961435	-0.183575	0.204799
259	3347727971													-1.983593	-1.392944	-1.161005	0.219592	-0.936018	0.275045	0.095680	0.301230	0.948739	-0.970889	-0.182019	0.155706
260	3347744638													-1.606230	-1.233274	-2.072906	0.206650	-0.932258	0.296970	0.044239	0.312114	0.949014	-0.977414	-0.182976	0.105740
261	3347761305													-1.181883	-0.549049	-2.653838	0.194803	-0.926511	0.321915	-0.007818	0.326725	0.945087	-0.980811	-0.186623	0.056404
262	3347777972													-0.985275	0.011115	-3.463772	0.181579	-0.919948	0.347454	-0.058764	0.342545	0.937662	-0.981619	-0.190677	0.008139
263	3347794639													-0.598009	0.415928	-4.039758	0.165523	-0.913126	0.372562	-0.107995	0.358718	0.927178	-0.980275	-0.193704	-0.039237
264	3347811306													-0.439513	0.390604	-4.096129	0.146894	-0.906929	0.394845	-0.155477	0.373043	0.914694	-0.976857	-0.195752	-0.086209
265	3347827973													0.003502	0.844228	-3.377821	0.125577	-0.902817	0.411282	-0.200325	0.382949	0.901787	-0.971648	-0.195634	-0.132767
266	3347844640													0.651833	1.004483	-2.595480	0.102652	-0.899946	0.423745	-0.242012	0.390599	0.888179	-0.964828	-0.193725	-0.177702
267	3347861307													0.609635	1.427829	-2.057825	0.078554	-0.901407	0.425786	-0.279351	0.390092	0.877378	-0.956970	-0.187865	-0.221166
268	3347877974													0.428292	1.443465	-1.191243	0.056589	-0.906694	0.417976	-0.311878	0.381643	0.870104	-0.948436	-0.179596	-0.261181
269	3347894641													1.026558	2.190293	-0.790450	0.038962	-0.913580	0.404788	-0.340319	0.368745	0.864991	-0.939503	-0.171458	-0.296541
270	3347911308													1.342134	2.094488	0.240756	0.024954	-0.921142	0.388425	-0.363929	0.353514	0.861733	-0.931092	-0.162863	-0.326409
271	3347927975													1.083972	1.701363	1.040133	0.013499	-0.928622	0.370780	-0.382948	0.337740	0.859815	-0.923671	-0.153596	-0.351055
272	3347944642													1.615834	0.982926	2.051701	0.006440	-0.934887	0.354887	-0.397404	0.323272	0.858816	-0.917621	-0.146565	-0.369446
273	3347961309													2.141405	0.286393	2.285612	0.003166	-0.940329	0.340252	-0.407689	0.309479	0.859077	-0.913115	-0.141437	-0.382382
274	3347977976													2.060883	-0.546865	1.752179	0.002131	-0.944847	0.327505	-0.414984	0.297138	0.859940	-0.909826	-0.137742	-0.391464
275	3347994643													1.806311	-1.216144	0.747008	0.001729	-0.947602	0.319449	-0.420073	0.289209	0.860173	-0.907489	-0.135679	-0.397562
276	3348011310													0.952927	-2.046680	0.512907	0.000981	-0.948261	0.317491	-0.423546	0.287213	0.859138	-0.905874	-0.135315	-0.401350
277	3348027977													-0.233894	-2.653650	0.399500	-0.000268	-0.947235	0.320538	-0.425146	0.290235	0.857330	-0.905125	-0.136046	-0.402791
278	3348044644													-1.047105	-2.687124	0.258095	-0.000465	-0.944762	0.327756	-0.424534	0.296941	0.855334	-0.905412	-0.138746	-0.401222
279	3348061311													-0.906058	-1.280204	-0.056503	-0.000041	-0.941268	0.337660	-0.421968	0.306142	0.853358	-0.906611	-0.142447	-0.397198
