// Start Time: Unknown
// Update Rate: 100.0Hz
//Filter Profile: human (46.1)
// Option Flags: AHS Disabled ICC Disabled
// Firmware Version: 4.0.2
PacketCounter	SampleTimeFine	Year	Month	Day	Second	UTC_Nano	UTC_Year	UTC_Month	UTC_Day	UTC_Hour	UTC_Minute	UTC_Second	UTC_Valid	Acc_X	Acc_Y	Acc_Z	Mat[1][1]	Mat[1][2]	Mat[1][3]	Mat[2][1]	Mat[2][2]	Mat[2][3]	Mat[3][1]	Mat[3][2]	Mat[3][3]
1	3343444552													0.016456	0.019243	-0.046306	-0.002721	-0.999466	0.032570	0.288706	0.030398	0.956935	-0.957414	0.012007	0.288469
2	3343461219													0.061540	0.031383	-0.051996	-0.002879	-0.999463	0.032650	0.288715	0.030429	0.956931	-0.957411	0.012182	0.288472
3	3343477886													0.033102	0.039299	-0.068391	-0.003081	-0.999457	0.032806	0.288729	0.030520	0.956924	-0.957406	0.012421	0.288478
4	3343494553													0.010525	0.017741	-0.042882	-0.003222	-0.999447	0.033089	0.288758	0.030749	0.956908	-0.957397	0.012638	0.288500
5	3343511220													0.005357	0.021025	-0.020047	-0.003240	-0.999441	0.033283	0.288757	0.030931	0.956903	-0.957397	0.012711	0.288496
6	3343527887													0.015713	0.016473	-0.044285	-0.003300	-0.999435	0.033447	0.288766	0.031070	0.956895	-0.957394	0.012816	0.288500
7	3343544554													0.049326	-0.007943	-0.048040	-0.003360	-0.999429	0.033613	0.288775	0.031212	0.956888	-0.957391	0.012922	0.288505
8	3343561221													0.047449	-0.021501	-0.046750	-0.003393	-0.999426	0.033695	0.288758	0.031281	0.956891	-0.957396	0.012976	0.288487
9	3343577888													0.007704	-0.009970	-0.046844	-0.003466	-0.999425	0.033737	0.288743	0.031300	0.956895	-0.957400	0.013058	0.288469
10	3343594555													0.010074	0.014589	-0.045337	-0.003466	-0.999425	0.033718	0.288739	0.031282	0.956897	-0.957402	0.013053	0.288464
11	3343611222													-0.004547	0.029830	-0.060007	-0.003450	-0.999426	0.033698	0.288722	0.031268	0.956902	-0.957407	0.013031	0.288448
12	3343627889													0.002047	0.020830	-0.056169	-0.003462	-0.999427	0.033672	0.288696	0.031240	0.956911	-0.957415	0.013034	0.288422
13	3343644556													-0.018315	0.033920	-0.059658	-0.003462	-0.999426	0.033707	0.288705	0.031273	0.956907	-0.957412	0.013045	0.288431
14	3343661223													-0.012355	0.013950	-0.061681	-0.003471	-0.999425	0.033716	0.288727	0.031279	0.956900	-0.957405	0.013056	0.288452
15	3343677890													-0.004579	0.012244	-0.056520	-0.003511	-0.999426	0.033684	0.288764	0.031236	0.956891	-0.957394	0.013087	0.288489
16	3343694557													0.020847	0.015154	-0.049310	-0.003521	-0.999428	0.033631	0.288801	0.031182	0.956881	-0.957383	0.013081	0.288526
17	3343711224													0.040736	0.025539	-0.039171	-0.003580	-0.999428	0.033636	0.288829	0.031169	0.956873	-0.957374	0.013141	0.288552
18	3343727891													0.024720	0.024782	-0.051005	-0.003656	-0.999425	0.033701	0.288841	0.031209	0.956868	-0.957370	0.013233	0.288561
19	3343744558													0.036449	0.024163	-0.037673	-0.003751	-0.999420	0.033847	0.288836	0.031322	0.956866	-0.957371	0.013365	0.288551
20	3343761225													0.032638	0.017768	-0.051080	-0.003861	-0.999413	0.034041	0.288788	0.031476	0.956875	-0.957385	0.013525	0.288497
21	3343777892													0.040205	0.024578	-0.059402	-0.003977	-0.999407	0.034208	0.288747	0.031604	0.956884	-0.957397	0.013683	0.288450
22	3343794559													0.020770	0.014831	-0.053310	-0.004088	-0.999399	0.034408	0.288713	0.031764	0.956889	-0.957407	0.013846	0.288410
23	3343811226													0.001332	0.023797	-0.049623	-0.004155	-0.999392	0.034616	0.288671	0.031944	0.956895	-0.957419	0.013968	0.288363
24	3343827893													-0.015915	0.019448	-0.055683	-0.004212	-0.999386	0.034791	0.288638	0.032096	0.956900	-0.957429	0.014072	0.288326
25	3343844560													-0.009657	-0.000238	-0.048188	-0.004243	-0.999382	0.034898	0.288648	0.032188	0.956894	-0.957426	0.014133	0.288333
26	3343861227													0.017585	0.011881	-0.055291	-0.004268	-0.999380	0.034941	0.288650	0.032223	0.956892	-0.957425	0.014170	0.288333
27	3343877894													0.022340	0.026920	-0.046298	-0.004290	-0.999380	0.034940	0.288662	0.032215	0.956889	-0.957422	0.014191	0.288345
28	3343894561													0.011620	0.044992	-0.068640	-0.004287	-0.999381	0.034909	0.288660	0.032187	0.956891	-0.957422	0.014179	0.288343
30	3343927895													0.035218	0.016309	-0.047208	-0.004226	-0.999378	0.035009	0.288653	0.032300	0.956889	-0.957424	0.014149	0.288337
32	3343961229													0.044011	-0.004467	-0.042623	-0.003937	-0.999377	0.035074	0.288661	0.032445	0.956882	-0.957423	0.013892	0.288353
34	3343994563													0.019369	0.012970	-0.049893	-0.003673	-0.999384	0.034889	0.288638	0.032345	0.956892	-0.957431	0.013585	0.288342
35	3344011230													0.046670	0.009937	-0.045739	-0.003487	-0.999391	0.034732	0.288576	0.032249	0.956914	-0.957451	0.013360	0.288288
37	3344044564													0.031399	0.032616	-0.047483	-0.003000	-0.999407	0.034305	0.288515	0.031981	0.956941	-0.957471	0.012768	0.288248
39	3344077898													-0.006222	0.022504	-0.058777	-0.002740	-0.999416	0.034059	0.288389	0.031822	0.956984	-0.957509	0.012444	0.288133
41	3344111232													0.015840	0.019831	-0.054017	-0.002474	-0.999430	0.033666	0.288235	0.031525	0.957041	-0.957557	0.012071	0.287993
43	3344144566													0.013103	0.023284	-0.045309	-0.002276	-0.999448	0.033151	0.288100	0.031090	0.957096	-0.957598	0.011729	0.287870
44	3344161233													0.006810	0.026131	-0.055929	-0.002139	-0.999455	0.032949	0.288027	0.030937	0.957122	-0.957620	0.011538	0.287804
46	3344194567													-0.025579	0.009211	-0.048974	-0.001970	-0.999462	0.032725	0.287945	0.030772	0.957152	-0.957645	0.011309	0.287730
48	3344227901													-0.014315	0.044191	-0.078733	-0.001797	-0.999479	0.032217	0.287849	0.030336	0.957195	-0.957674	0.010994	0.287645
50	3344261235													0.008221	0.019804	-0.012402	-0.001722	-0.999502	0.031510	0.287797	0.029682	0.957231	-0.957690	0.010717	0.287603
52	3344294569													0.033778	0.061730	-0.071490	-0.001611	-0.999521	0.030921	0.287793	0.029150	0.957249	-0.957691	0.010442	0.287608
53	3344311236													0.077814	0.034359	-0.045721	-0.001621	-0.999526	0.030735	0.287748	0.028969	0.957268	-0.957705	0.010396	0.287565
55	3344344570													0.037134	0.058960	-0.071821	-0.001685	-0.999528	0.030683	0.287637	0.028902	0.957303	-0.957738	0.010439	0.287452
59	3344411238													0.035048	0.021716	-0.043408	-0.001686	-0.999524	0.030818	0.287387	0.029034	0.957374	-0.957813	0.010471	0.287201
62	3344461239													-0.004724	0.010193	-0.074643	-0.002095	-0.999511	0.031196	0.287036	0.029282	0.957472	-0.957918	0.010960	0.286834
64	3344494573													-0.005184	0.026305	-0.055863	-0.002355	-0.999509	0.031234	0.286789	0.029247	0.957547	-0.957991	0.011213	0.286579
68	3344561241													-0.011832	0.008693	-0.048661	-0.002517	-0.999507	0.031293	0.286466	0.029261	0.957643	-0.958087	0.011375	0.286251
71	3344611242													-0.018445	0.026179	-0.054794	-0.002549	-0.999511	0.031158	0.286342	0.029124	0.957685	-0.958124	0.011363	0.286128
73	3344644576													0.012202	0.021902	-0.054907	-0.002522	-0.999514	0.031080	0.286275	0.029057	0.957707	-0.958144	0.011313	0.286062
75	3344677910													0.004737	0.019058	-0.042232	-0.002529	-0.999510	0.031190	0.286212	0.029161	0.957723	-0.958163	0.011349	0.285998
77	3344711244													0.028054	0.017913	-0.053511	-0.002485	-0.999506	0.031324	0.286134	0.029304	0.957741	-0.958186	0.011343	0.285920
79	3344744578													0.009959	0.025204	-0.062390	-0.002473	-0.999496	0.031645	0.286010	0.029616	0.957769	-0.958224	0.011420	0.285792
80	3344761245													0.020740	0.020684	-0.054146	-0.002540	-0.999487	0.031922	0.285924	0.029863	0.957787	-0.958249	0.011560	0.285701
82	3344794579													0.036450	0.033347	-0.054356	-0.002801	-0.999464	0.032617	0.285710	0.030457	0.957832	-0.958312	0.012002	0.285471
84	3344827913													0.024573	0.023032	-0.063116	-0.003149	-0.999436	0.033431	0.285427	0.031142	0.957894	-0.958395	0.012559	0.285168
86	3344861247													-0.020203	0.024281	-0.052684	-0.003404	-0.999414	0.034065	0.285224	0.031680	0.957937	-0.958455	0.012977	0.284949
88	3344894581													-0.024370	0.055704	-0.059541	-0.003710	-0.999400	0.034447	0.285057	0.031961	0.957978	-0.958503	0.013373	0.284767
89	3344911248													-0.026637	0.038275	-0.057089	-0.003969	-0.999397	0.034500	0.284985	0.031939	0.958000	-0.958524	0.013635	0.284686
91	3344944582													-0.255412	0.091219	0.017756	-0.004369	-0.999444	0.033055	0.285008	0.030440	0.958042	-0.958515	0.013607	0.284716
93	3344977916													-0.025715	-0.019256	-0.080186	-0.004527	-0.999553	0.029558	0.285151	0.027041	0.958101	-0.958472	0.012766	0.284901
95	3345011250													-0.045064	0.096801	-0.079744	-0.005002	-0.999624	0.026962	0.285829	0.024409	0.957970	-0.958268	0.012499	0.285599
97	3345044584													-0.071762	0.076076	-0.045504	-0.005296	-0.999675	0.024940	0.286485	0.022378	0.957823	-0.958070	0.012218	0.286273
98	3345061251													-0.037051	-0.007003	-0.070095	-0.005455	-0.999689	0.024322	0.286918	0.021735	0.957708	-0.957939	0.012203	0.286711
100	3345094585													-0.048677	-0.040584	-0.064066	-0.005891	-0.999704	0.023600	0.288110	0.020903	0.957369	-0.957579	0.012440	0.287901
102	3345127919													0.103700	0.008338	-0.058570	-0.006566	-0.999718	0.022808	0.289533	0.019930	0.956960	-0.957145	0.012887	0.289321
104	3345161253													0.123839	0.041732	-0.079433	-0.007326	-0.999711	0.022907	0.290895	0.019787	0.956550	-0.956727	0.013672	0.290666
106	3345194587													0.167576	0.006263	-0.043553	-0.008023	-0.999688	0.023635	0.291980	0.020264	0.956210	-0.956391	0.014573	0.291727
109	3345244588													0.149320	0.008716	-0.061525	-0.009283	-0.999617	0.026057	0.293274	0.022191	0.955771	-0.955983	0.016514	0.292956
111	3345277922													0.090989	0.030613	-0.032049	-0.010052	-0.999547	0.028355	0.293755	0.024154	0.955575	-0.955828	0.017935	0.293380
113	3345311256													0.015851	-0.033320	-0.030686	-0.010593	-0.999485	0.030296	0.293936	0.025847	0.955476	-0.955766	0.019027	0.293511
115	3345344590													0.152943	-0.002573	-0.074794	-0.010716	-0.999463	0.030955	0.293765	0.026444	0.955512	-0.955817	0.019333	0.293324
116	3345361257													0.187857	0.000306	-0.071601	-0.010567	-0.999464	0.030981	0.293581	0.026516	0.955566	-0.955876	0.019192	0.293144
118	3345394591													0.164399	-0.023881	-0.122558	-0.009767	-0.999490	0.030400	0.293107	0.026205	0.955720	-0.956030	0.018245	0.292701
120	3345427925													0.116297	-0.043994	-0.066598	-0.008710	-0.999524	0.029584	0.292607	0.025742	0.955886	-0.956193	0.016982	0.292244
122	3345461259													0.045922	0.039364	-0.130696	-0.007241	-0.999560	0.028773	0.292497	0.025399	0.955929	-0.956239	0.015338	0.292184
124	3345494593													0.260008	0.007512	-0.105890	-0.005746	-0.999582	0.028328	0.292533	0.025409	0.955918	-0.956238	0.013779	0.292265
125	3345511260													0.336806	0.044806	-0.115742	-0.004798	-0.999569	0.028957	0.292690	0.026286	0.955846	-0.956195	0.013061	0.292438
127	3345544594													0.230932	0.070204	-0.202550	-0.003140	-0.999486	0.031912	0.293098	0.029591	0.955624	-0.956077	0.012355	0.292854
129	3345577928													0.700786	-0.005844	-0.294093	-0.001644	-0.999337	0.036358	0.293289	0.034277	0.955409	-0.956023	0.012234	0.293038
134	3345661263													3.047879	0.285629	-0.051304	0.001631	-0.998593	0.053002	0.280200	0.051335	0.958568	-0.959940	0.013288	0.279890
136	3345694597													1.802240	0.842383	0.068768	-0.001776	-0.998356	0.057291	0.259715	0.054865	0.964126	-0.965684	0.016591	0.259190
138	3345727931													-1.925396	0.703845	-1.266384	-0.011691	-0.997163	0.074362	0.237062	0.069483	0.969007	-0.971424	0.028956	0.235577
140	3345761265													-2.200044	0.022507	-0.344910	-0.026622	-0.994986	0.096406	0.215008	0.088484	0.972596	-0.976249	0.046620	0.211574
142	3345794599													-0.983894	0.324570	-0.064029	-0.042949	-0.992785	0.111953	0.196507	0.101473	0.975238	-0.979561	0.063885	0.190731
143	3345811266													-1.049980	-0.330155	0.387370	-0.049997	-0.991887	0.116882	0.188402	0.105561	0.976402	-0.980818	0.070838	0.181596
145	3345844600													-0.428804	-0.503274	0.170547	-0.060588	-0.990911	0.120099	0.171592	0.108189	0.979210	-0.983303	0.079936	0.163477
147	3345877934													0.054666	-0.020625	-0.520133	-0.072278	-0.989979	0.121316	0.151350	0.109339	0.982414	-0.985834	0.089368	0.141931
149	3345911268													0.109565	-0.816893	-0.089903	-0.082409	-0.989166	0.121491	0.128368	0.110355	0.985568	-0.988297	0.096815	0.117883
151	3345944602													0.661637	0.260898	-0.452859	-0.091293	-0.988483	0.120692	0.110011	0.110445	0.987775	-0.989729	0.103455	0.098661
152	3345961269													-0.338119	0.765986	0.113559	-0.096506	-0.988099	0.119782	0.103408	0.109739	0.988567	-0.989946	0.107789	0.091587
154	3345994603													-0.834979	-0.144686	0.993303	-0.105236	-0.987906	0.113870	0.090121	0.104561	0.990427	-0.990355	0.114490	0.078028
156	3346027937													-0.146456	-1.203635	-0.224373	-0.112042	-0.987244	0.113123	0.078384	0.104704	0.991410	-0.990607	0.119947	0.065653
158	3346061271													0.076772	-0.859143	0.675534	-0.116722	-0.986463	0.115181	0.072483	0.107203	0.991591	-0.990516	0.124089	0.058989
160	3346094605													-0.399835	-0.483337	-0.029289	-0.118203	-0.985839	0.118952	0.069544	0.111279	0.991353	-0.990551	0.125453	0.055406
161	3346111272													-0.754976	-0.705236	0.202649	-0.118734	-0.985376	0.122217	0.068606	0.114652	0.991034	-0.990553	0.126054	0.053990
163	3346144606													-1.249689	-0.311522	0.499273	-0.118887	-0.984213	0.131111	0.067141	0.123776	0.990036	-0.990635	0.126506	0.051365
165	3346177940													-1.346491	-0.165721	0.724672	-0.116764	-0.983531	0.137962	0.066573	0.130849	0.989165	-0.990926	0.124684	0.050198
167	3346211274													-1.538324	-0.172304	0.465176	-0.113322	-0.982593	0.147203	0.068998	0.140017	0.987742	-0.991160	0.122090	0.051930
169	3346244608													-1.841273	0.463429	0.829051	-0.108908	-0.982121	0.153552	0.076117	0.145778	0.986385	-0.991133	0.119113	0.058880
170	3346261275													-1.678026	0.672571	0.904130	-0.105902	-0.982337	0.154271	0.081311	0.146069	0.985927	-0.991047	0.116955	0.064406
172	3346294609													-1.257246	0.878132	1.147385	-0.098189	-0.983713	0.150555	0.098189	0.140972	0.985132	-0.990312	0.111512	0.082748
174	3346327943													-2.706362	-0.414016	0.735069	-0.089520	-0.984958	0.147795	0.122437	0.136382	0.983061	-0.988431	0.106099	0.108386
176	3346361277													-2.479388	-0.700069	0.305661	-0.075410	-0.988017	0.134672	0.153059	0.121987	0.980659	-0.985336	0.094564	0.142025
178	3346394611													-0.951072	-0.160199	-0.417607	-0.054807	-0.992442	0.109797	0.185639	0.097917	0.977727	-0.981088	0.073969	0.178870
179	3346411278													-0.557181	-0.210779	-1.149634	-0.044460	-0.994262	0.097296	0.203551	0.086334	0.975251	-0.978054	0.063165	0.198544
181	3346444612													0.067580	-0.777624	-0.625015	-0.025494	-0.997201	0.070293	0.240364	0.062138	0.968692	-0.970348	0.041592	0.238107
183	3346477946													0.714223	-0.505653	-0.930293	-0.008038	-0.999052	0.042776	0.273182	0.038956	0.961173	-0.961929	0.019411	0.272610
185	3346511280													2.547523	-0.235255	-1.116475	0.006680	-0.999857	0.015535	0.299679	0.016823	0.953892	-0.954017	-0.001716	0.299748
187	3346544614													2.832934	0.739431	-0.389939	0.018798	-0.999725	-0.013998	0.319254	-0.007265	0.947641	-0.947483	-0.022283	0.319029
188	3346561281													3.075772	1.162261	-1.053973	0.022416	-0.999410	-0.026039	0.325788	-0.017321	0.945284	-0.945177	-0.029673	0.325208
190	3346594615													3.445403	1.726577	-0.382878	0.026864	-0.998948	-0.037178	0.331514	-0.026184	0.943087	-0.943068	-0.037660	0.330462
192	3346627949													1.965709	0.558154	0.540828	0.029879	-0.999358	-0.019749	0.331477	-0.008733	0.943423	-0.942990	-0.034735	0.331004
194	3346661283													-0.542740	-0.702538	0.073811	0.032150	-0.999473	0.004486	0.329744	0.014843	0.943954	-0.943523	-0.028869	0.330047
197	3346711284													1.152540	-0.268520	-0.348954	0.034126	-0.999407	0.004602	0.326829	0.015511	0.944956	-0.944467	-0.030743	0.327165
201	3346777952													0.418041	0.581975	-0.367580	0.035272	-0.999322	0.010552	0.312983	0.021073	0.949525	-0.949103	-0.030189	0.313514
203	3346811286													-0.430019	-0.015364	-0.314261	0.033782	-0.999171	0.022727	0.305869	0.031985	0.951536	-0.951474	-0.025193	0.306696
205	3346844620													-0.987764	-0.235952	0.179584	0.031374	-0.999028	0.030973	0.300460	0.038982	0.952998	-0.953278	-0.020593	0.301391
206	3346861287													-0.718134	-0.217901	-0.045848	0.030376	-0.999002	0.032735	0.298441	0.040321	0.953576	-0.953944	-0.019196	0.299369
208	3346894621													0.176902	-0.001199	-0.273998	0.028466	-0.998981	0.035033	0.294912	0.041880	0.954606	-0.955100	-0.016842	0.295804
210	3346927955													0.595101	-0.022112	-0.234178	0.026153	-0.998864	0.039826	0.292014	0.045735	0.955320	-0.956056	-0.013354	0.292879
212	3346961289													1.420441	-0.045012	-0.346599	0.022893	-0.998646	0.046720	0.287618	0.051335	0.956368	-0.957472	-0.008456	0.288404
214	3346994623													2.491256	0.216449	-0.210268	0.017425	-0.998351	0.054701	0.279279	0.057392	0.958493	-0.960052	-0.001424	0.279819
215	3347011290													2.818143	0.135958	-0.229967	0.013174	-0.998053	0.060970	0.272675	0.062251	0.960090	-0.962016	0.003977	0.272964
217	3347044624													1.040223	0.758252	-0.485108	0.000031	-0.996574	0.082705	0.255044	0.079978	0.963616	-0.966929	0.021063	0.254173
219	3347077958													-1.603165	-0.056703	-1.108656	-0.017334	-0.992487	0.121115	0.234878	0.113701	0.965352	-0.971870	0.045181	0.231143
221	3347111292													-0.476424	0.094717	-0.160099	-0.035846	-0.987361	0.154377	0.208834	0.143665	0.967341	-0.977294	0.066915	0.201045
223	3347144626													-0.686661	0.250347	-0.348807	-0.053538	-0.983179	0.174622	0.183517	0.162207	0.969541	-0.981557	0.083954	0.171746
224	3347161293													-2.881410	-0.197616	-0.628745	-0.062992	-0.981775	0.179302	0.171825	0.166307	0.970988	-0.983111	0.091973	0.158218
226	3347194627													-1.900979	-0.327086	1.826118	-0.076657	-0.983586	0.163350	0.143886	0.151204	0.977975	-0.986621	0.098473	0.129934
228	3347227961													2.113369	0.092613	-1.200567	-0.085318	-0.986022	0.143111	0.110729	0.133361	0.984862	-0.990182	0.099873	0.097804
230	3347261295													-0.182571	-0.022183	0.910110	-0.099281	-0.984231	0.146400	0.094915	0.137089	0.986001	-0.990522	0.111787	0.079808
232	3347294629													-0.958904	-0.126001	-0.150165	-0.107314	-0.983656	0.144584	0.081813	0.136193	0.987298	-0.990853	0.117779	0.065860
233	3347311296													-1.106206	-1.130655	0.731633	-0.111162	-0.983307	0.144049	0.076708	0.136026	0.987731	-0.990838	0.120848	0.060306
235	3347344630													-0.045342	0.519430	0.259616	-0.115572	-0.984110	0.134801	0.070026	0.127301	0.989389	-0.990828	0.123785	0.054200
237	3347377964													-0.852497	0.660592	0.063608	-0.121124	-0.984623	0.125884	0.069524	0.118091	0.990566	-0.990200	0.128733	0.054151
239	3347411298													0.097974	-0.437410	-0.035569	-0.128248	-0.984400	0.120456	0.067747	0.112480	0.991342	-0.989425	0.135298	0.052265
241	3347444632													-0.466309	-1.274621	0.347857	-0.135321	-0.983382	0.121031	0.066281	0.112897	0.991394	-0.988582	0.142178	0.049902
242	3347461299													-0.117892	-1.236010	0.068750	-0.137027	-0.983323	0.119584	0.064071	0.111671	0.991678	-0.988493	0.143549	0.047701
244	3347494633													-0.373503	-1.059332	0.134847	-0.137336	-0.983467	0.118032	0.058929	0.110838	0.992090	-0.988770	0.143205	0.042732
246	3347527967													-0.748133	-0.502578	0.373125	-0.134901	-0.983779	0.118243	0.052492	0.112071	0.992313	-0.989468	0.140071	0.036522
248	3347561301													-0.833981	-0.020259	0.463212	-0.130449	-0.983878	0.122341	0.048365	0.116934	0.991961	-0.990275	0.135317	0.032331
250	3347594635													-1.050390	0.423517	0.902372	-0.123372	-0.984141	0.127462	0.049329	0.122203	0.991279	-0.991134	0.128583	0.033470
251	3347611302													-2.283446	0.202130	0.766825	-0.119484	-0.984380	0.129304	0.052034	0.123849	0.990936	-0.991472	0.125129	0.036424
253	3347644636													-3.322278	-0.406977	1.292576	-0.111276	-0.985388	0.128947	0.060310	0.122817	0.990595	-0.991958	0.118007	0.045762
255	3347677970													-3.430616	-0.317141	1.744746	-0.101569	-0.986811	0.126048	0.079465	0.118250	0.989799	-0.991650	0.110550	0.066406
257	3347711304													-2.981596	-0.530764	2.037329	-0.085459	-0.988911	0.121455	0.110167	0.111775	0.987608	-0.990232	0.097780	0.099394
260	3347761305													-1.004442	-0.411679	-1.220537	-0.048042	-0.993604	0.102196	0.172711	0.092510	0.980619	-0.983800	0.064761	0.167162
262	3347794639													1.400295	0.181370	-2.135626	-0.025358	-0.996171	0.083668	0.215722	0.076270	0.973472	-0.976125	0.042734	0.212962
264	3347827973													0.830281	-0.338538	-1.495919	-0.007279	-0.997636	0.068337	0.259054	0.064125	0.963732	-0.965835	0.024718	0.257975
266	3347861307													1.035035	0.158380	-1.128146	0.008282	-0.998863	0.046950	0.291922	0.047321	0.955271	-0.956406	0.005794	0.291982
268	3347894641													3.118554	1.478623	-1.215497	0.021609	-0.999730	0.008569	0.310555	0.014859	0.950439	-0.950310	-0.017877	0.310792
269	3347911308													4.634021	2.057701	-1.680626	0.026517	-0.999596	-0.010224	0.316220	-0.001314	0.948685	-0.948315	-0.028389	0.316057
271	3347944642													5.786844	1.284590	0.259351	0.030716	-0.999381	-0.017141	0.320075	-0.006411	0.947371	-0.946894	-0.034586	0.319680
273	3347977976													0.432881	-0.959783	0.918509	0.031742	-0.999482	0.005362	0.315667	0.015114	0.948749	-0.948339	-0.028423	0.315984
275	3348011310													0.338382	-1.397803	-0.130259	0.032317	-0.999425	0.010286	0.311487	0.019850	0.950043	-0.949701	-0.027498	0.311949
277	3348044644													2.791279	-0.412423	0.130582	0.035276	-0.999368	0.004445	0.303910	0.014964	0.952583	-0.952047	-0.032253	0.304246
278	3348061311													2.282773	-0.009501	-0.250273	0.037517	-0.999270	0.007179	0.298858	0.018076	0.954127	-0.953560	-0.033650	0.299318
280	3348094645													-0.078436	0.355274	-0.704253	0.041535	-0.998951	0.019297	0.287917	0.030462	0.957171	-0.956754	-0.034200	0.288881
282	3348127979													-1.172471	0.256474	-0.463022	0.043285	-0.998529	0.032649	0.277452	0.043409	0.959758	-0.959764	-0.032484	0.278923
284	3348161313													-2.554901	0.295509	0.342427	0.043236	-0.998205	0.041445	0.271488	0.051662	0.961054	-0.961470	-0.030300	0.273235
286	3348194647													-1.872102	-0.085608	0.265812	0.042885	-0.998292	0.039676	0.268910	0.049781	0.961878	-0.962210	-0.030581	0.270586
287	3348211314													-0.929920	-0.153935	0.141525	0.042818	-0.998429	0.036134	0.269031	0.046354	0.962015	-0.962179	-0.031470	0.270593
289	3348244648													-0.059737	-0.174324	-0.059690	0.042617	-0.998584	0.031830	0.271958	0.042250	0.961381	-0.961365	-0.032315	0.273373
293	3348311316													2.016942	0.421677	-0.325507	0.039744	-0.998559	0.036070	0.279306	0.045762	0.959111	-0.959379	-0.028044	0.280723
295	3348344650													1.864483	0.404727	-0.369800	0.035384	-0.998424	0.043564	0.279481	0.051738	0.958756	-0.959499	-0.021749	0.280871
296	3348361317													1.367013	0.549401	-0.333879	0.031239	-0.998335	0.048485	0.277753	0.055269	0.959061	-0.960145	-0.016493	0.279017
298	3348394651													1.391584	1.024583	-0.280050	0.017887	-0.998205	0.057152	0.267391	0.059855	0.961727	-0.963422	-0.001920	0.267982
300	3348427985													-0.414857	0.584895	-0.787747	0.002502	-0.997330	0.072983	0.253336	0.071234	0.964752	-0.967375	0.016075	0.252837
302	3348461319													0.892012	0.150917	-0.295997	-0.013032	-0.996094	0.087328	0.231553	0.081956	0.969364	-0.972735	0.032854	0.229581
304	3348494653													0.365203	-0.385006	-0.057570	-0.031568	-0.994107	0.103706	0.210657	0.094810	0.972952	-0.977050	0.052560	0.206423
305	3348511320													-1.468463	-0.657946	-0.019515	-0.041532	-0.992989	0.110667	0.199144	0.100313	0.974822	-0.979090	0.062526	0.193582
307	3348544654													0.263810	-1.238711	-0.712207	-0.055040	-0.992564	0.108570	0.172620	0.097639	0.980137	-0.983450	0.072688	0.165962
311	3348611322													-0.183972	-0.272703	0.438922	-0.076091	-0.993035	0.089957	0.128193	0.079727	0.988539	-0.988826	0.086751	0.121234
313	3348644656													-0.375482	-0.937436	0.344651	-0.086447	-0.991632	0.095882	0.111749	0.085983	0.990010	-0.989969	0.096298	0.103381
314	3348661323													-0.958153	-0.897397	0.539407	-0.092056	-0.990657	0.100619	0.104452	0.090883	0.990369	-0.990260	0.101679	0.095110
316	3348694657													-1.334638	0.359069	0.218441	-0.100496	-0.989739	0.101576	0.096270	0.091941	0.991100	-0.990269	0.109381	0.086043
318	3348727991													-0.589392	0.073715	0.313723	-0.105713	-0.990356	0.089555	0.088805	0.080297	0.992807	-0.990423	0.112905	0.079460
320	3348761325													-0.157602	-1.088357	-0.033651	-0.111424	-0.990080	0.085597	0.084684	0.076360	0.993478	-0.990158	0.117946	0.075335
323	3348811326													-1.018179	-0.417008	0.448007	-0.119505	-0.988998	0.087189	0.081944	0.077693	0.993604	-0.989446	0.125886	0.071758
325	3348844660													-0.632972	-0.460863	0.203433	-0.120597	-0.989083	0.084680	0.079255	0.075437	0.993996	-0.989533	0.126584	0.069293
327	3348877994													-0.293264	0.040706	-0.011299	-0.119393	-0.989166	0.085414	0.077709	0.076455	0.994040	-0.989801	0.125319	0.067739
329	3348911328													-1.446634	0.027457	0.264656	-0.119189	-0.988713	0.090780	0.077755	0.081856	0.993606	-0.989822	0.125486	0.067121
331	3348944662													-0.803114	-0.017245	0.223202	-0.116881	-0.988688	0.093996	0.078212	0.085188	0.993290	-0.990062	0.123448	0.067370
332	3348961329													-0.600679	-0.069053	0.095891	-0.115870	-0.988553	0.096625	0.079341	0.087757	0.992977	-0.990091	0.122722	0.068264
334	3348994663													-0.307290	0.000326	0.343143	-0.113279	-0.988164	0.103444	0.083344	0.094296	0.992049	-0.990061	0.121000	0.071676
336	3349027997													-0.621638	0.009167	0.435461	-0.108817	-0.988023	0.109401	0.090936	0.099699	0.990854	-0.989894	0.117770	0.078998
338	3349061331													-1.868558	-0.224491	0.199347	-0.105162	-0.987845	0.114472	0.100950	0.103912	0.989450	-0.989318	0.115608	0.088795
340	3349094665													-1.269233	-0.080434	0.615360	-0.101627	-0.988300	0.113730	0.111539	0.102281	0.988482	-0.988550	0.113142	0.099840
341	3349111332													-1.119306	0.259787	0.467005	-0.099107	-0.988878	0.110900	0.118490	0.098928	0.988015	-0.987997	0.111060	0.107368
343	3349144666													-0.896437	-0.006593	0.605255	-0.091568	-0.990598	0.101646	0.136312	0.088645	0.986692	-0.986425	0.104205	0.126913
345	3349178000													-0.389272	-0.448512	0.183134	-0.079639	-0.992707	0.090504	0.158969	0.076982	0.984278	-0.984066	0.092774	0.151679
347	3349211334													-0.190800	-0.925002	-0.374212	-0.065178	-0.994589	0.080897	0.182560	0.067816	0.980853	-0.981032	0.078698	0.177152
349	3349244668													0.103819	-0.336705	-0.574532	-0.050400	-0.996205	0.070963	0.205456	0.059191	0.976875	-0.977368	0.063814	0.201693
350	3349261335													0.331349	-0.342286	-0.596135	-0.042705	-0.996931	0.065612	0.216564	0.054873	0.974725	-0.975334	0.055835	0.213556
352	3349294669													0.869079	0.180589	-0.597445	-0.029432	-0.998329	0.049728	0.236247	0.041393	0.970811	-0.971247	0.040322	0.234634
